0.000016
0.263076
1.511211
0.917300
1.065534
0.437918
0.094089
1.357729
1.358593
1.869386
0.767004
1.038833
1.661931
0.069144
0.106923
1.059400
1.342299
0.015396
0.766831
0.133684
0.834972
1.373545
1.177953
1.860873
1.692334
1.053858
0.183930
1.307838
0.831999
1.402381
1.820642
1.524396
0.524906
0.094929
1.472164
0.656468
1.265277
1.512821
1.982075
0.730677
0.494078
1.965101
1.445321
1.506712
1.303037
0.145372
1.263269
1.769414
0.545420
0.872823
1.532990
0.955464
0.475549
0.549814
0.718530
0.333014
0.973035
1.795313
1.818416
0.121129
1.809306
1.009046
1.032584
0.638066
1.973284
0.987953
0.532289
0.181466
1.895528
0.147498
1.001414
0.768284
0.554164
1.827635
1.059495
0.928892
1.881960
0.100168
1.523029
1.540409
1.655635
0.250731
0.031735
1.376911
1.736494
1.259087
1.472449
1.450824
1.998916
1.777144
0.466390
0.612644
0.702030
1.026547
1.182227
1.691963
0.824162
1.683021
0.538635
0.830789
