2 0.070000
1024 1.050000
32 0.120000
1024 1.050000
32768 31.711000
8192 7.920000
8192 7.921000
8192 7.920000
4194304 4348.274000
4096 4.001000
262144 253.198000
8388608 8394.717000
8192 7.980000
64 0.130000
256 0.320000
256 0.320000
32768 31.461000
8192 7.980000
2048 2.030000
131072 125.644000
131072 126.574000
512 0.560000
4 0.080000
1048576 1107.204000
262144 264.568000
128 0.190000
4096 4.000000
16384 15.880000
2048 2.050000
1048576 1055.952000
65536 62.852000
2 0.080000
16384 15.881000
262144 253.297000
64 0.130000
4 0.090000
16 0.110000
512 0.570000
2097152 2091.284000
16777216 16782.191000
128 0.190000
131072 126.904000
67108864 67236.358000
32 0.120000
8192 7.920000
524288 537.836000
4194304 4225.758000
4 0.090000
65536 63.352000
8 0.110000
16384 15.880000
67108864 67299.487000
1048576 1028.161000
2 0.080000
65536 63.622000
8388608 8620.138000
131072 126.094000
2 0.080000
67108864 67372.724000
32 0.120000
256 0.320000
512 0.550000
2 0.070000
4 0.090000
8388608 8450.483000
16384 15.890000
8388608 8408.636000
4194304 4210.658000
16 0.100000
4096 3.970000
32 0.110000
4194304 4241.589000
32 0.110000
256 0.320000
2097152 2193.557000
16777216 16748.936000
32768 31.951000
4096 4.030000
2097152 2086.473000
4 0.080000
262144 253.768000
65536 63.332000
16 0.100000
33554432 33629.628000
2 0.080000
131072 126.624000
32768 31.710000
65536 63.371000
262144 285.628000
2048 2.050000
512 0.560000
4096 3.910000
131072 126.673000
8388608 8443.023000
64 0.130000
4096 4.030000
524288 522.446000
33554432 33583.228000
2048 2.040000
16384 15.621000
131072 134.704000
16384 15.760000
8192 7.980000
1024 1.060000
8 0.120000
4096 4.030000
524288 514.165000
8388608 8423.762000
2048 2.020000
256 0.310000
16 0.100000
131072 124.962000
8388608 8347.510000
64 0.120000
262144 247.436000
131072 127.843000
8 0.100000
512 0.550000
8192 7.860000
4 0.090000
4 0.080000
32768 54.971000
64 0.130000
33554432 33154.250000
512 0.550000
128 0.190000
65536 62.914000
32 0.110000
64 0.130000
65536 61.912000
65536 62.183000
67108864 65212.206000
262144 268.476000
64 0.130000
4096 4.030000
16 0.110000
16 0.110000
4 0.080000
8192 8.041000
32 0.110000
65536 79.472000
16777216 16606.353000
67108864 65324.869000
256 0.310000
2097152 2063.763000
4194304 4154.818000
64 0.140000
64 0.130000
32 0.110000
1048576 1028.153000
16384 16.001000
16384 15.631000
524288 486.988000
65536 62.411000
8192 7.921000
4 0.080000
4194304 4101.849000
16777216 16337.906000
16777216 16948.424000
33554432 33391.515000
512 0.550000
131072 147.558000
512 0.550000
16 0.110000
67108864 67709.012000
32768 31.721000
2 0.070000
8192 7.801000
4194304 4153.799000
1048576 1024.113000
262144 249.154000
1048576 1051.108000
32 0.120000
128 0.190000
4194304 4071.248000
524288 510.749000
32768 31.271000
1048576 1035.101000
32768 30.991000
131072 123.973000
131072 124.172000
16 0.110000
1048576 1020.338000
4194304 4153.374000
33554432 32750.204000
262144 257.666000
262144 248.917000
262144 248.463000
65536 62.191000
32 0.120000
2097152 2042.739000
2048 2.010000
32768 31.001000
128 0.190000
524288 510.409000
4 0.090000
65536 62.852000
524288 514.894000
512 0.540000
512 0.570000
16777216 16376.652000
65536 62.374000
131072 123.737000
32 0.110000
64 0.130000
32768 30.991000
524288 521.453000
4194304 4182.546000
256 0.330000
262144 248.576000
524288 522.818000
256 0.320000
4 0.100000
16 0.100000
16 0.110000
131072 123.813000
128 0.190000
262144 259.489000
33554432 33632.541000
1048576 1034.844000
2 0.070000
67108864 65742.557000
128 0.200000
2097152 2055.471000
4194304 4216.734000
65536 81.732000
128 0.210000
4194304 4124.830000
2048 2.000000
8 0.100000
8 0.100000
33554432 33798.586000
262144 256.877000
67108864 66024.738000
32768 30.981000
67108864 65921.720000
2048 2.000000
262144 268.369000
2 0.070000
8 0.100000
16 0.100000
1048576 1007.367000
8192 7.790000
2097152 2127.838000
2 0.070000
16777216 16289.084000
64 0.130000
512 0.560000
32 0.120000
64 0.140000
32768 30.991000
65536 61.891000
524288 523.566000
16384 16.021000
131072 123.966000
1024 1.030000
4096 3.940000
262144 250.255000
8388608 8116.244000
8388608 8511.699000
64 0.130000
16777216 16583.122000
16777216 16328.894000
2097152 2098.990000
32768 30.991000
128 0.180000
8 0.090000
524288 495.066000
2 0.070000
8 0.090000
1024 1.050000
16777216 17008.791000
4 0.080000
8192 7.601000
256 0.320000
524288 508.273000
2048 2.030000
1024 1.041000
512 0.560000
1024 1.040000
32 0.110000
33554432 32648.361000
2097152 2154.556000
16 0.110000
8 0.100000
1024 1.050000
33554432 32677.743000
67108864 65592.085000
65536 63.971000
32768 31.151000
33554432 32722.298000
16777216 16761.039000
8192 7.810000
2097152 2091.925000
2097152 2091.761000
128 0.190000
2048 2.000000
33554432 32930.105000
4096 4.061000
8 0.090000
131072 127.054000
32768 30.990000
1024 1.050000
16384 15.531000
16384 15.491000
2048 2.000000
256 0.310000
16777216 16337.980000
1048576 1005.005000
67108864 67413.607000
262144 272.288000
2097152 2074.736000
1024 1.040000
32 0.110000
128 0.190000
8192 8.041000
4096 3.940000
4 0.090000
1024 1.040000
64 0.130000
16384 16.010000
8388608 8205.784000
4 0.090000
64 0.140000
1048576 1028.193000
1024 1.030000
8 0.090000
8388608 8150.025000
8388608 8215.586000
4096 3.940000
131072 147.938000
32 0.130000
