100000000 , 429.183717 
1000000 , 4.347055 
10000 , 0.049433 
100000 , 0.442076 
10000 , 0.049263 
10 , 0.005780 
1000000 , 4.315616 
100 , 0.007431 
1000 , 0.011901 
10000000 , 43.721774 
10000000 , 43.149328 
100000 , 0.431399 
10 , 0.006770 
10000 , 0.049442 
1000 , 0.009890 
1000000 , 4.326133 
100000000 , 429.421565 
1000 , 0.011530 
100 , 0.006780 
100 , 0.008040 
10000 , 0.049273 
100 , 0.006140 
100000000 , 429.335597 
100000000 , 429.412544 
10000 , 0.051331 
10000000 , 43.328895 
10000000 , 43.668087 
100 , 0.006670 
10 , 0.005660 
10000000 , 43.920645 
1000000 , 4.322708 
100000000 , 437.268399 
10 , 0.008550 
100000 , 0.445312 
100000 , 0.432101 
100000 , 0.432876 
1000000 , 4.472087 
1000 , 0.011170 
1000 , 0.012150 
10000000 , 43.150409 
100000000 , 430.592967 
1000000000 , 4288.066943 
1000000000 , 4291.116209 
100000 , 0.439001 
1000000 , 4.297529 
100000 , 0.448659 
100 , 0.006720 
100000 , 0.450898 
100000000 , 429.526754 
100000000 , 429.743732 
1000 , 0.010011 
10 , 0.007220 
100 , 0.006640 
10 , 0.007421 
10000000 , 43.970251 
100000 , 0.450760 
1000000 , 4.317694 
100000 , 0.448575 
10 , 0.005430 
10000 , 0.049653 
100000000 , 431.949425 
10 , 0.007220 
1000 , 0.011551 
10000 , 0.049543 
100 , 0.006720 
1000000 , 4.388409 
10000 , 0.049053 
100000 , 0.462471 
100000 , 0.440181 
10000000 , 42.955501 
10000000 , 43.107528 
1000000 , 4.437830 
1000 , 0.010390 
100000 , 0.440661 
10000000 , 43.085746 
10000000 , 43.143068 
10000000 , 43.006837 
1000000000 , 4359.991805 
10 , 0.006380 
10 , 0.007710 
10000000 , 43.714861 
1000 , 0.013281 
10000 , 0.050341 
1000000 , 4.305442 
100 , 0.007601 
100000000 , 429.435502 
10 , 0.007670 
1000000 , 4.308593 
10000000 , 43.023170 
10000 , 0.050191 
100000000 , 431.854102 
1000 , 0.010480 
1000000 , 4.325713 
10000000 , 44.069958 
100000 , 0.455267 
10000 , 0.050001 
10000 , 0.051291 
10000 , 0.050892 
1000000000 , 4295.389987 
10000 , 0.050842 
10000000 , 43.091805 
10 , 0.007310 
10000000 , 43.035389 
10000 , 0.051132 
1000000 , 4.349250 
1000000 , 4.322170 
1000 , 0.010271 
1000000 , 4.434897 
10000 , 0.053684 
1000000 , 4.337644 
100 , 0.005930 
100000000 , 429.054959 
10 , 0.006510 
100 , 0.007740 
10 , 0.005950 
1000000 , 4.348012 
10 , 0.007131 
100000 , 0.449682 
1000 , 0.017900 
10000 , 0.050093 
1000 , 0.011920 
100 , 0.007900 
1000000000 , 4303.876329 
100 , 0.007141 
100000000 , 430.194501 
100000000 , 429.214621 
1000 , 0.011690 
1000000 , 4.468243 
1000 , 0.009510 
100 , 0.006010 
10 , 0.007320 
10000000 , 42.953066 
100 , 0.006720 
1000 , 0.010380 
1000 , 0.010030 
10 , 0.005660 
10000000 , 43.031261 
100000000 , 429.814898 
100000000 , 428.948907 
100 , 0.008430 
10 , 0.007170 
100 , 0.006580 
10 , 0.007760 
1000000 , 4.449143 
100 , 0.007670 
10000 , 0.049963 
1000 , 0.012591 
100000000 , 429.166649 
100000000 , 428.868323 
100000000 , 434.494791 
1000000000 , 4396.981842 
10000 , 0.048952 
10000000 , 43.240725 
100 , 0.014811 
1000000 , 4.372288 
100000 , 0.432542 
100000 , 0.450863 
1000000 , 4.394576 
10000000 , 42.977543 
1000000000 , 4294.858183 
1000000 , 4.340102 
1000 , 0.012171 
100 , 0.007091 
10 , 0.020761 
1000000000 , 4293.853606 
100000 , 0.458220 
10000 , 0.050613 
10 , 0.006731 
100 , 0.006580 
100000 , 0.432401 
10 , 0.005770 
10000 , 0.049541 
1000 , 0.009730 
10000000 , 42.998890 
1000 , 0.025222 
100 , 0.005991 
1000000000 , 4302.146597 
1000000000 , 4369.953510 
1000000000 , 4300.226477 
10 , 0.007261 
1000000000 , 4290.812573 
10000 , 0.049071 
1000 , 0.013040 
10 , 0.007491 
1000 , 0.023441 
1000000 , 4.341187 
1000000 , 4.386798 
100000 , 0.449681 
1000000000 , 4315.552469 
1000000000 , 4296.969895 
1000000000 , 4319.870687 
100000000 , 429.459394 
100000000 , 429.483705 
100000000 , 429.707060 
100000000 , 429.960531 
10000 , 0.051511 
1000 , 0.009741 
1000 , 0.013231 
1000 , 0.011040 
10 , 0.007330 
10000000 , 43.496391 
100000000 , 429.756123 
100000 , 0.432791 
1000 , 0.010611 
100000 , 0.460271 
10000 , 0.051151 
1000 , 0.010850 
100 , 0.008660 
100000 , 0.437151 
100 , 0.007140 
100000 , 0.434476 
10 , 0.006730 
10000 , 0.050761 
100000 , 0.460783 
100 , 0.009730 
1000000 , 4.316918 
10 , 0.005690 
100 , 0.007480 
10 , 0.007731 
10000000 , 43.002723 
100000000 , 436.721423 
100000000 , 432.394442 
100 , 0.008451 
100000 , 0.430260 
10000 , 0.049831 
1000000 , 4.410679 
10000 , 0.050573 
1000000 , 4.397683 
100 , 0.007741 
1000000000 , 4293.391436 
10000 , 0.051242 
10 , 0.008280 
100000 , 0.462933 
100 , 0.008140 
1000 , 0.011391 
10000000 , 42.932846 
100000000 , 429.719860 
100 , 0.007791 
100000 , 0.430421 
1000 , 0.013111 
10000000 , 43.629017 
100000000 , 435.162182 
1000000000 , 4302.053115 
10 , 0.005940 
10000000 , 43.305436 
10000 , 0.051803 
10 , 0.007680 
1000000 , 4.313676 
1000 , 0.011170 
1000000000 , 4297.957863 
100000 , 0.448442 
10000000 , 43.397432 
10000000 , 42.944440 
1000000000 , 4398.326730 
1000000000 , 4291.409785 
1000000 , 4.334689 
10000 , 0.049321 
100 , 0.007540 
10000 , 0.049553 
100000000 , 429.584513 
100 , 0.008340 
10000 , 0.052191 
1000000 , 4.350241 
10000 , 0.050881 
100000000 , 428.973057 
1000000 , 4.310905 
100 , 0.007090 
1000 , 0.011290 
1000000000 , 4401.384943 
10 , 0.008821 
1000000 , 4.422568 
1000000000 , 4299.338298 
1000000000 , 4295.955141 
1000000000 , 4292.237925 
10 , 0.005850 
100000000 , 429.716830 
10 , 0.007110 
100000 , 0.432311 
1000000 , 4.319936 
100 , 0.007640 
1000000 , 4.297995 
10000 , 0.049991 
1000 , 0.013080 
10000000 , 43.116332 
1000000 , 4.307067 
10000 , 0.049501 
1000000 , 4.361794 
1000 , 0.012390 
10000000 , 42.895985 
100000000 , 430.591337 
100000000 , 432.626736 
10 , 0.006821 
100000 , 0.432480 
10 , 0.007200 
10000000 , 43.310395 
1000000000 , 4302.279077 
100000000 , 429.632205 
100000 , 0.459922 
10000000 , 42.925456 
1000000 , 4.434117 
10 , 0.006511 
1000000000 , 4300.407670 
1000000000 , 4293.655994 
100000000 , 430.386850 
100000000 , 430.176167 
10000 , 0.064221 
10000000 , 43.185116 
1000 , 0.014411 
100000000 , 429.010085 
10 , 0.007200 
10000 , 0.048983 
1000000000 , 4338.961403 
100 , 0.007290 
10000000 , 43.267528 
10000 , 0.050502 
100 , 0.006680 
1000000000 , 4290.853444 
1000 , 0.011261 
1000000 , 4.356626 
1000000000 , 4361.040222 
100000 , 0.472001 
100000 , 0.447692 
10 , 0.020501 
10000000 , 43.083952 
1000000 , 4.321820 
10 , 0.008971 
100 , 0.007300 
1000 , 0.011370 
10000 , 0.051061 
10000000 , 43.052187 
1000000000 , 4293.003529 
100000000 , 430.415313 
10000 , 0.049181 
100000 , 0.450690 
10000000 , 43.167766 
1000000 , 4.334130 
1000000 , 4.290791 
1000 , 0.010560 
100 , 0.007780 
10 , 0.006660 
10000 , 0.050011 
1000000 , 4.357859 
100000 , 0.477082 
100 , 0.007840 
100 , 0.007700 
100000000 , 430.117195 
10000000 , 42.963592 
10000000 , 43.137010 
1000 , 0.010961 
1000000 , 4.423150 
10000000 , 43.106904 
10000 , 0.048793 
1000 , 0.019410 
100 , 0.007061 
100000 , 0.447498 
10000000 , 43.316958 
1000000000 , 4346.372228 
10000000 , 42.939669 
100000 , 0.445871 
100 , 0.006161 
100000000 , 428.986660 
100000 , 0.432795 
100000 , 0.461921 
1000 , 0.018711 
100 , 0.007210 
10 , 0.006901 
1000000000 , 4289.820817 
100000 , 0.446047 
1000 , 0.011720 
10000 , 0.051403 
1000000000 , 4297.316142 
100 , 0.007430 
100000 , 0.432351 
1000 , 0.010511 
100000000 , 429.574920 
1000 , 0.020440 
100000000 , 429.281870 
100000000 , 432.048541 
100000 , 0.436372 
10000 , 0.050691 
10000000 , 43.140720 
1000 , 0.010970 
1000000 , 4.347864 
10 , 0.007420 
1000 , 0.011940 
10 , 0.006231 
1000 , 0.025670 
10000000 , 43.195126 
10 , 0.006441 
1000000000 , 4359.034455 
100000000 , 429.399080 
100000000 , 429.767506 
1000000000 , 4291.926524 
1000000000 , 4391.688820 
100000 , 0.457753 
1000000000 , 4392.774814 
10000 , 0.049971 
100 , 0.007550 
10000 , 0.051923 
10 , 0.007020 
10000000 , 43.270661 
10145 , 0.050593 
1000 , 0.012570 
1000000 , 4.451076 
1000000 , 4.375675 
7295 , 0.039061 
1000000 , 4.391002 
100 , 0.014821 
30029 , 0.135234 
10000 , 0.048453 
100000 , 0.431979 
1000000000 , 4302.605691 
1000 , 0.012551 
20412 , 0.094885 
100000000 , 429.073063 
20529 , 0.095712 
29355 , 0.131804 
10000 , 0.049532 
10 , 0.007000 
100000 , 0.458178 
18361 , 0.083842 
32009 , 0.143779 
100000 , 0.459993 
10 , 0.007220 
10000000 , 43.164921 
25244 , 0.114623 
1000000000 , 4294.382659 
1000000 , 4.319522 
9645 , 0.048651 
17668 , 0.080616 
5144 , 0.029060 
100000000 , 429.672345 
100 , 0.006160 
20273 , 0.092102 
31970 , 0.167132 
10000 , 0.048541 
11330 , 0.055512 
9019 , 0.046324 
8321 , 0.043372 
100 , 0.007940 
1000000 , 4.355651 
1000000000 , 4315.413705 
4004 , 0.024611 
100 , 0.006960 
100 , 0.007670 
10 , 0.029041 
100000 , 0.434024 
100000000 , 430.301299 
28700 , 0.128809 
1000000 , 4.375980 
1000 , 0.014700 
10000 , 0.049451 
14869 , 0.070523 
1000000000 , 4359.301890 
30539 , 0.136273 
167 , 0.007971 
4820 , 0.026882 
10000000 , 43.076634 
10000000 , 42.933847 
100000 , 0.454222 
10000000 , 43.151484 
100000000 , 439.293470 
29978 , 0.135134 
24279 , 0.111097 
1000000000 , 4293.956880 
100000000 , 429.645303 
7521 , 0.040102 
12912 , 0.063781 
17566 , 0.082362 
19092 , 0.094115 
1000000000 , 4293.380952 
10 , 0.006580 
4903 , 0.029060 
22022 , 0.102223 
26925 , 0.135264 
18977 , 0.101153 
13344 , 0.062134 
25805 , 0.116753 
1229 , 0.012600 
18137 , 0.094555 
15188 , 0.077945 
2644 , 0.017410 
23033 , 0.105046 
28642 , 0.127404 
32167 , 0.143628 
13212 , 0.064111 
4908 , 0.027701 
1000000000 , 4293.082275 
31332 , 0.140743 
16902 , 0.099943 
7498 , 0.040971 
11808 , 0.057241 
13732 , 0.065762 
15689 , 0.080364 
8568 , 0.042841 
16574 , 0.076331 
24761 , 0.111928 
19346 , 0.103862 
17510 , 0.081456 
4896 , 0.029401 
13171 , 0.064074 
20048 , 0.127033 
12174 , 0.059203 
23816 , 0.109322 
22179 , 0.102975 
30921 , 0.137054 
25050 , 0.116543 
20680 , 0.094925 
1000000000 , 4319.268529 
1000000000 , 4391.762234 
30022 , 0.133173 
193 , 0.007530 
7942 , 0.041492 
1708 , 0.014970 
2546 , 0.016260 
12740 , 0.073074 
7068 , 0.037771 
31762 , 0.153203 
28874 , 0.130104 
15437 , 0.072152 
22562 , 0.112947 
20472 , 0.116204 
26357 , 0.149704 
28609 , 0.132982 
1794 , 0.014891 
19668 , 0.091855 
1330 , 0.012991 
9766 , 0.046804 
15205 , 0.071592 
6700 , 0.035451 
19814 , 0.093242 
26022 , 0.130544 
2539 , 0.018200 
18191 , 0.083582 
8080 , 0.043601 
5465 , 0.031390 
9320 , 0.045193 
8018 , 0.040531 
17763 , 0.082593 
14438 , 0.067625 
14395 , 0.069451 
7655 , 0.037992 
24040 , 0.112262 
258 , 0.009410 
4938 , 0.028402 
6685 , 0.035011 
10520 , 0.051013 
9646 , 0.048931 
25680 , 0.116853 
8947 , 0.045661 
4717 , 0.025152 
2179 , 0.019720 
2678 , 0.017290 
6007 , 0.056011 
2463 , 0.018000 
1000000000 , 4350.812841 
204 , 0.008510 
23291 , 0.105392 
1000000000 , 4292.370461 
1253 , 0.013700 
23244 , 0.110237 
23081 , 0.109713 
25975 , 0.118457 
5011 , 0.027932 
32586 , 0.146854 
8989 , 0.045361 
1135 , 0.010770 
7294 , 0.038532 
14722 , 0.076674 
25732 , 0.124973 
3416 , 0.024000 
11708 , 0.067664 
80 , 0.007670 
22560 , 0.124869 
16418 , 0.090582 
27204 , 0.128254 
20651 , 0.116963 
7067 , 0.038451 
9132 , 0.046441 
17161 , 0.079775 
1000000000 , 4289.564036 
3958 , 0.024291 
19090 , 0.112418 
29636 , 0.133728 
30715 , 0.144074 
9172 , 0.044752 
19440 , 0.094742 
25663 , 0.117963 
6702 , 0.035872 
23347 , 0.105036 
30270 , 0.136713 
617 , 0.009541 
31880 , 0.142279 
24824 , 0.112052 
1831 , 0.015331 
7044 , 0.038382 
12271 , 0.058721 
14854 , 0.071124 
7953 , 0.041741 
23492 , 0.107593 
5961 , 0.032521 
16891 , 0.090475 
18310 , 0.084542 
11653 , 0.058651 
10551 , 0.052091 
31883 , 0.148053 
15022 , 0.071554 
31957 , 0.143833 
9210 , 0.045921 
15388 , 0.095085 
1732 , 0.020070 
15828 , 0.074932 
29719 , 0.133598 
10671 , 0.051331 
31780 , 0.172455 
31904 , 0.150533 
24560 , 0.117933 
21096 , 0.095495 
6137 , 0.056201 
23961 , 0.107483 
28872 , 0.130907 
28218 , 0.137954 
25101 , 0.113782 
15039 , 0.071384 
21617 , 0.156973 
19758 , 0.090823 
28863 , 0.131488 
3824 , 0.022692 
7914 , 0.041561 
24899 , 0.111607 
1025 , 0.011251 
24226 , 0.124959 
82 , 0.009250 
2118 , 0.016170 
11288 , 0.053741 
9984 , 0.050243 
28345 , 0.127863 
2996 , 0.019610 
22532 , 0.103366 
408 , 0.012581 
15359 , 0.071032 
29626 , 0.133364 
23485 , 0.132198 
19609 , 0.088922 
18679 , 0.100412 
14733 , 0.070392 
7530 , 0.040481 
4256 , 0.024701 
17923 , 0.082962 
10035 , 0.050081 
4781 , 0.026132 
12603 , 0.061173 
21947 , 0.118883 
7325 , 0.069061 
5014 , 0.051362 
8315 , 0.043062 
1320 , 0.013790 
30574 , 0.168815 
5670 , 0.031092 
31725 , 0.140457 
23491 , 0.125703 
974 , 0.011560 
10589 , 0.082112 
2399 , 0.016731 
24339 , 0.110393 
27199 , 0.153400 
29337 , 0.151134 
13010 , 0.063072 
22655 , 0.103556 
30934 , 0.138733 
32074 , 0.161594 
25863 , 0.117343 
11233 , 0.055241 
17605 , 0.080672 
2235 , 0.015371 
28257 , 0.129518 
7132 , 0.038401 
6440 , 0.034862 
15027 , 0.073321 
26674 , 0.120837 
6879 , 0.037042 
22999 , 0.113053 
19080 , 0.086964 
15575 , 0.072591 
23498 , 0.121142 
2219 , 0.014780 
2938 , 0.020730 
16158 , 0.079173 
29097 , 0.159995 
15303 , 0.071254 
20778 , 0.101373 
10767 , 0.051663 
31757 , 0.144309 
25376 , 0.113856 
16521 , 0.077265 
8005 , 0.067392 
25035 , 0.111946 
10916 , 0.055491 
18301 , 0.101642 
28463 , 0.127942 
29607 , 0.134893 
9935 , 0.049101 
31079 , 0.170670 
14801 , 0.070832 
16523 , 0.077432 
26626 , 0.120283 
7091 , 0.037012 
2209 , 0.016890 
7340 , 0.038202 
20202 , 0.094186 
1766 , 0.016361 
18377 , 0.083952 
1191 , 0.012750 
32179 , 0.170442 
27085 , 0.122073 
2748 , 0.020081 
25745 , 0.157791 
19125 , 0.087055 
5492 , 0.038852 
29050 , 0.147508 
10499 , 0.050862 
28088 , 0.124757 
20563 , 0.092822 
17439 , 0.080122 
7260 , 0.036803 
10666 , 0.053201 
28621 , 0.128844 
14255 , 0.067782 
11428 , 0.054532 
12051 , 0.059004 
5095 , 0.028611 
6995 , 0.041511 
24366 , 0.110443 
2893 , 0.020761 
9745 , 0.046731 
16443 , 0.076916 
17373 , 0.079822 
31081 , 0.139473 
28027 , 0.143184 
1752 , 0.025211 
569 , 0.009351 
22726 , 0.104427 
18723 , 0.086695 
24357 , 0.111285 
23972 , 0.122074 
21176 , 0.098116 
24460 , 0.134573 
32013 , 0.155275 
27621 , 0.125003 
3019 , 0.018651 
5546 , 0.030611 
30821 , 0.136534 
27384 , 0.124448 
566 , 0.009751 
7031 , 0.037891 
24004 , 0.119143 
28735 , 0.132776 
22282 , 0.100882 
8074 , 0.042291 
1246 , 0.020521 
3437 , 0.025011 
3198 , 0.021321 
6047 , 0.033622 
1787 , 0.013941 
17015 , 0.080305 
32344 , 0.145038 
3831 , 0.021981 
8051 , 0.042191 
12759 , 0.069742 
2147 , 0.015950 
24086 , 0.108162 
17261 , 0.083632 
9726 , 0.048361 
18088 , 0.094136 
19488 , 0.090262 
16286 , 0.075385 
25296 , 0.114893 
30346 , 0.135093 
6893 , 0.037141 
9620 , 0.049331 
15816 , 0.074122 
19034 , 0.086565 
8714 , 0.045221 
30824 , 0.139909 
5538 , 0.032851 
11927 , 0.056012 
22909 , 0.104556 
23826 , 0.116467 
19830 , 0.091326 
456 , 0.008560 
3668 , 0.021150 
28426 , 0.140314 
19819 , 0.092425 
29723 , 0.134693 
17562 , 0.082162 
12766 , 0.064404 
26959 , 0.124522 
26134 , 0.119093 
6284 , 0.033811 
24300 , 0.110073 
25046 , 0.112106 
28332 , 0.127593 
11345 , 0.056342 
13651 , 0.066572 
18700 , 0.102757 
17956 , 0.081745 
22557 , 0.124883 
14572 , 0.105193 
17538 , 0.082512 
31310 , 0.145624 
29893 , 0.140243 
20257 , 0.094066 
3309 , 0.022051 
11157 , 0.055652 
6472 , 0.034082 
16834 , 0.080854 
16798 , 0.080194 
19393 , 0.089265 
19921 , 0.118666 
12588 , 0.061272 
15943 , 0.077232 
18387 , 0.126473 
24710 , 0.110876 
17955 , 0.094542 
14170 , 0.069272 
23224 , 0.137050 
4490 , 0.027411 
17319 , 0.079095 
12554 , 0.061272 
2687 , 0.018521 
11460 , 0.055831 
25686 , 0.118564 
100000 , 0.437223 
6340 , 0.033621 
27350 , 0.123883 
12799 , 0.061461 
988 , 0.009700 
8713 , 0.043881 
10247 , 0.083475 
17564 , 0.081066 
457 , 0.008340 
14142 , 0.068704 
24219 , 0.108393 
19148 , 0.088452 
18931 , 0.103296 
7313 , 0.038092 
30505 , 0.149714 
863 , 0.021952 
31173 , 0.138484 
29561 , 0.134604 
24176 , 0.114893 
28869 , 0.129943 
2440 , 0.016391 
20339 , 0.093172 
5665 , 0.031472 
8060 , 0.041103 
3924 , 0.024230 
21346 , 0.098383 
17282 , 0.079282 
19247 , 0.087856 
32627 , 0.145714 
21785 , 0.098376 
12311 , 0.059171 
297 , 0.018781 
8843 , 0.044511 
20287 , 0.095392 
25252 , 0.115707 
16205 , 0.077642 
25389 , 0.115997 
17779 , 0.081232 
28664 , 0.130034 
29588 , 0.132387 
25423 , 0.118833 
22998 , 0.105487 
26644 , 0.118867 
17289 , 0.080992 
10428 , 0.060842 
23816 , 0.108753 
2790 , 0.020110 
1032 , 0.011471 
19524 , 0.099562 
11757 , 0.058173 
27166 , 0.132163 
18710 , 0.087702 
5644 , 0.029351 
15274 , 0.072512 
18336 , 0.085651 
14971 , 0.072092 
2769 , 0.020071 
11081 , 0.054603 
8496 , 0.045271 
7476 , 0.040403 
10449 , 0.050853 
27828 , 0.130024 
18545 , 0.085282 
8936 , 0.044282 
9330 , 0.051121 
14388 , 0.068734 
10474 , 0.051393 
32465 , 0.146035 
8245 , 0.042201 
17487 , 0.085141 
8425 , 0.042093 
32361 , 0.144617 
29007 , 0.130993 
4424 , 0.027010 
18965 , 0.090192 
28524 , 0.162313 
6007 , 0.031982 
8051 , 0.062381 
25431 , 0.115103 
13645 , 0.073551 
3680 , 0.021791 
5596 , 0.030881 
9518 , 0.048851 
27686 , 0.142138 
2504 , 0.016391 
1620 , 0.012641 
21831 , 0.120834 
22433 , 0.101692 
28443 , 0.126486 
15439 , 0.071132 
8148 , 0.040161 
7742 , 0.038621 
15734 , 0.076412 
6441 , 0.036031 
10983 , 0.054763 
12678 , 0.061565 
5372 , 0.031281 
8901 , 0.045491 
30912 , 0.137218 
29383 , 0.135083 
4348 , 0.027051 
26991 , 0.120873 
15128 , 0.071022 
12530 , 0.062072 
3260 , 0.019751 
3675 , 0.023231 
25016 , 0.123964 
27268 , 0.123383 
25757 , 0.128027 
19377 , 0.089727 
17977 , 0.083744 
3152 , 0.020391 
3526 , 0.022451 
20155 , 0.092092 
24509 , 0.116093 
15554 , 0.071992 
19586 , 0.090876 
30302 , 0.135493 
32043 , 0.143374 
32555 , 0.143634 
18795 , 0.085355 
16593 , 0.087593 
24657 , 0.113046 
5930 , 0.032520 
24791 , 0.120468 
15490 , 0.073072 
23260 , 0.106483 
15013 , 0.069684 
9115 , 0.045711 
137 , 0.007921 
5824 , 0.031160 
21902 , 0.099645 
15609 , 0.073932 
5213 , 0.029681 
23203 , 0.107903 
23932 , 0.110613 
1316 , 0.023081 
15237 , 0.072824 
23552 , 0.106383 
10006 , 0.049591 
16603 , 0.082835 
18409 , 0.085702 
26140 , 0.128663 
29469 , 0.130818 
1008266 , 4.351886 
1026036 , 4.419405 
1012122 , 4.394269 
1022478 , 4.406468 
1005251 , 4.372975 
1006382 , 4.351322 
1009164 , 4.384674 
1010454 , 4.369347 
1001723 , 4.311124 
1016115 , 4.438674 
1003226 , 4.343418 
1025974 , 4.515325 
1006410 , 4.331733 
1017109 , 4.394286 
1014980 , 4.388207 
1028687 , 4.482374 
1013161 , 4.380742 
1003518 , 4.406959 
1022985 , 4.408116 
1014562 , 4.414560 
1015232 , 4.369068 
1006721 , 4.462796 
1008674 , 4.390593 
1018721 , 4.504850 
1003234 , 4.326476 
1024208 , 4.460132 
1020222 , 4.428121 
1007342 , 4.341333 
1000565 , 4.321715 
1005385 , 4.334183 
1024001 , 4.425631 
1003066 , 4.338069 
1016245 , 4.395956 
1026856 , 4.443580 
1000222 , 4.317211 
1001497 , 4.330766 
1000671 , 4.384844 
1029808 , 4.508091 
1001791 , 4.517380 
1032282 , 4.461111 
1028944 , 4.462216 
1020472 , 4.446111 
1003868 , 4.345305 
1013933 , 4.431108 
1022029 , 4.539906 
1019064 , 4.458979 
1017391 , 4.435871 
1007514 , 4.382702 
1018670 , 4.417880 
1008460 , 4.487366 
1017127 , 4.386185 
1032288 , 4.465360 
1027361 , 4.451711 
1002704 , 4.339967 
1021203 , 4.468039 
1028872 , 4.428914 
1026850 , 4.422057 
1027777 , 4.439641 
1022711 , 4.410904 
1007347 , 4.382317 
1011444 , 4.381736 
1004648 , 4.333764 
1014540 , 4.503220 
1006401 , 4.358465 
1021350 , 4.446960 
1014111 , 4.458943 
1028440 , 4.455771 
1032241 , 4.531956 
1014969 , 4.390218 
1016906 , 4.390038 
1004451 , 4.331418 
1018558 , 4.387455 
1010768 , 4.353085 
1002547 , 4.313450 
1016031 , 4.377846 
1011816 , 4.346489 
1032210 , 4.518143 
1020398 , 4.639021 
1026241 , 4.421637 
1005732 , 4.411046 
1012668 , 4.431672 
1031644 , 4.477359 
1031971 , 4.439897 
1001418 , 4.313755 
1018381 , 4.412317 
1030052 , 4.433791 
1032084 , 4.485141 
1028596 , 4.455514 
1017181 , 4.438911 
1005158 , 4.350269 
1010746 , 4.399634 
1003823 , 4.553128 
1010381 , 4.368826 
1007532 , 4.348732 
1032342 , 4.472750 
1012098 , 4.399377 
1023918 , 4.491424 
1022206 , 4.480400 
1015064 , 4.617697 
1010333 , 4.404465 
1017153 , 4.398616 
1020747 , 4.503129 
1016555 , 4.404193 
1006019 , 4.332698 
1013316 , 4.391103 
1021841 , 4.405355 
1002365 , 4.344542 
1008921 , 4.349668 
1009765 , 4.353718 
1013931 , 4.387434 
1002724 , 4.492236 
1026511 , 4.445371 
1023187 , 4.419767 
1012483 , 4.363136 
1015771 , 4.445959 
1021068 , 4.413429 
1007967 , 4.376505 
1018043 , 4.403648 
1020286 , 4.460619 
1001984 , 4.339458 
1007196 , 4.367761 
1032236 , 4.452834 
1023907 , 4.503339 
1021684 , 4.405705 
1020701 , 4.385365 
1010461 , 4.384398 
1014714 , 4.385183 
1001905 , 4.308926 
1007557 , 4.387917 
1014401 , 4.369019 
1007140 , 4.335850 
1004453 , 4.348645 
1016773 , 4.360896 
1009705 , 4.466974 
1001795 , 4.416699 
1001234 , 4.406927 
1010969 , 4.361820 
1014259 , 4.394326 
1015755 , 4.376321 
1005593 , 4.362065 
1015596 , 4.577819 
1006264 , 4.369918 
1030226 , 4.466022 
1016013 , 4.400435 
1017200 , 4.454047 
1000382 , 4.309932 
1029364 , 4.614132 
1017120 , 4.488241 
1009883 , 4.381197 
1006302 , 4.327531 
1000952 , 4.334849 
1027802 , 4.454188 
1005402 , 4.325381 
1009239 , 4.387122 
1009157 , 4.368168 
1031443 , 4.456494 
1021844 , 4.414829 
1019006 , 4.441501 
1001664 , 4.306300 
1018401 , 4.423097 
1026046 , 4.428499 
1024834 , 4.434339 
1014092 , 4.381893 
1030072 , 4.460756 
1024303 , 4.446859 
1022775 , 4.392227 
1012496 , 4.412466 
1030083 , 4.431560 
1005527 , 4.323411 
1007598 , 4.394690 
1023445 , 4.503285 
1004094 , 4.465599 
1020697 , 4.454807 
1012676 , 4.382807 
1008124 , 4.380721 
1019749 , 4.418177 
1022014 , 4.423334 
1005091 , 4.360700 
1029936 , 4.488889 
1015243 , 4.478303 
1021256 , 4.451452 
1030650 , 4.577356 
1019990 , 4.396337 
1029234 , 4.455978 
1013814 , 4.366019 
1018690 , 4.450848 
1019865 , 4.385706 
1031739 , 4.635593 
1032312 , 4.489320 
1003881 , 4.357046 
1003791 , 4.349331 
1014609 , 4.354167 
1015085 , 4.360116 
1018187 , 4.384016 
1029607 , 4.417304 
1015423 , 4.393165 
1032212 , 4.585852 
1027628 , 4.494211 
1028305 , 4.455543 
1021192 , 4.423891 
1023323 , 4.523065 
1027192 , 4.537941 
1004801 , 4.378326 
1024991 , 4.439787 
1025361 , 4.448600 
1022434 , 4.407566 
1016232 , 4.406838 
1032348 , 4.473824 
1004848 , 4.498633 
1012100 , 4.348104 
1020882 , 4.396528 
1006215 , 4.424667 
1003991 , 4.308337 
1032638 , 4.551048 
1026632 , 4.524025 
1029105 , 4.440758 
1031242 , 4.444698 
1024697 , 4.468580 
1000492 , 4.319975 
1002360 , 4.313402 
1022469 , 4.465089 
1014372 , 4.391018 
1007952 , 4.350931 
1000681 , 4.321641 
1031259 , 4.456308 
1015950 , 4.392721 
1005539 , 4.655137 
1022894 , 4.459542 
1004168 , 4.350290 
1007026 , 4.391935 
1018450 , 4.440603 
1032564 , 4.475747 
1012628 , 4.481981 
1004184 , 4.383617 
1031582 , 4.481864 
1018714 , 4.374601 
1030515 , 4.442235 
1025737 , 4.458940 
1010625 , 4.375141 
1018105 , 4.399158 
1002306 , 4.443907 
1009411 , 4.372876 
1015564 , 4.390042 
1006833 , 4.365426 
1024455 , 4.415059 
1028359 , 4.418767 
1020460 , 4.499085 
1007404 , 4.350746 
1019797 , 4.477987 
1001114 , 4.324630 
1016339 , 4.392653 
1029824 , 4.445409 
1002081 , 4.347489 
1017082 , 4.398321 
1028235 , 4.479711 
1026792 , 4.586659 
1009554 , 4.388728 
1029706 , 4.453839 
1014133 , 4.502320 
1011158 , 4.626294 
1007213 , 4.370137 
1005509 , 4.370982 
1012159 , 4.392638 
1008974 , 4.408083 
1006871 , 4.339902 
1011264 , 4.373396 
1016401 , 4.394398 
1030219 , 4.452626 
1027378 , 4.456790 
1031388 , 4.515875 
1011517 , 4.431612 
1006236 , 4.323884 
1026710 , 4.451314 
1022169 , 4.405399 
1003751 , 4.390157 
1032180 , 4.454539 
1025448 , 4.497435 
1000971 , 4.321065 
1003496 , 4.416047 
1028449 , 4.461245 
1002000 , 4.320038 
1020775 , 4.432907 
1027962 , 4.486390 
1017222 , 4.440219 
1016440 , 4.371813 
1004940 , 4.344230 
1018031 , 4.408298 
1028822 , 4.453716 
1004407 , 4.442216 
1005827 , 4.375139 
1009055 , 4.409799 
1002603 , 4.315132 
1004559 , 4.391241 
1010761 , 4.391758 
1005594 , 4.487370 
1019346 , 4.412563 
1011480 , 4.460738 
1006109 , 4.353016 
1024633 , 4.414878 
1032427 , 4.474640 
1007769 , 4.351466 
1005484 , 4.324505 
1019560 , 4.384119 
1027052 , 4.439374 
1023630 , 4.449299 
1001800 , 4.337209 
1021201 , 4.451352 
1020830 , 4.379635 
1000027 , 4.349136 
1017307 , 4.489508 
1032684 , 4.509892 
1010732 , 4.374140 
1002116 , 4.457896 
1012604 , 4.447373 
1027314 , 4.432008 
1024861 , 4.437305 
1024430 , 4.465267 
1005862 , 4.359032 
1001641 , 4.321983 
1000763 , 4.381583 
1013713 , 4.369676 
1001754 , 4.335930 
1032699 , 4.482353 
1017243 , 4.545138 
1002144 , 4.324838 
1006876 , 4.334868 
1025941 , 4.442423 
1016005 , 4.443786 
1016351 , 4.469904 
1026874 , 4.460100 
1002464 , 4.384766 
1025123 , 4.434298 
1016089 , 4.386960 
1032741 , 4.454529 
1005550 , 4.373278 
1032240 , 4.474862 
1021511 , 4.534892 
1026962 , 4.531350 
1028145 , 4.417375 
1030068 , 4.461682 
1011892 , 4.376586 
1014172 , 4.387042 
1013579 , 4.407274 
1025127 , 4.445483 
1016670 , 4.407250 
1031882 , 4.525426 
1027426 , 4.422318 
1015192 , 4.412960 
1028670 , 4.577428 
1013519 , 4.427532 
1024732 , 4.431965 
1025845 , 4.424693 
1024598 , 4.435578 
1004888 , 4.512651 
1029142 , 4.485320 
1012625 , 4.346454 
1009188 , 4.389967 
1016355 , 4.402399 
1012957 , 4.398233 
1001403 , 4.382467 
1032193 , 4.444858 
1024725 , 4.447440 
1017304 , 4.389147 
1024543 , 4.527390 
1029037 , 4.464854 
1002324 , 4.426066 
1009287 , 4.430018 
1027903 , 4.475620 
1005385 , 4.353997 
1006203 , 4.360932 
1028135 , 4.429437 
1030497 , 4.471238 
1029611 , 4.588897 
1030621 , 4.441920 
1029819 , 4.600232 
1005352 , 4.322325 
1009154 , 4.449208 
1028147 , 4.465497 
1032090 , 4.588862 
1006198 , 4.499467 
1003427 , 4.324328 
1007352 , 4.323752 
1001581 , 4.313574 
1014934 , 4.446243 
1002800 , 4.348148 
1004572 , 4.326580 
1013267 , 4.362047 
1001095 , 4.329788 
1015577 , 4.419592 
1000536 , 4.314997 
1005076 , 4.320826 
1027070 , 4.428859 
1001175 , 4.341380 
1018291 , 4.399168 
1021958 , 4.438201 
1007262 , 4.373906 
1013535 , 4.391193 
1030373 , 4.444674 
1021003 , 4.410130 
1032572 , 4.500270 
1006310 , 4.429027 
1023542 , 4.664529 
1009460 , 4.370559 
1007600 , 4.350001 
1022496 , 4.512675 
1006050 , 4.443518 
1024432 , 4.436359 
1002996 , 4.382330 
1012378 , 4.382287 
1021733 , 4.416938 
1029533 , 4.483560 
1012770 , 4.384082 
1024409 , 4.447911 
1009319 , 4.421643 
1015364 , 4.408887 
1032597 , 4.480865 
1012631 , 4.403340 
1005207 , 4.397131 
1006491 , 4.343420 
1004188 , 4.440698 
1023286 , 4.433780 
1031909 , 4.440598 
1013150 , 4.399149 
1005217 , 4.346797 
1022791 , 4.647744 
1027361 , 4.519060 
1007146 , 4.388087 
1023302 , 4.433146 
1026284 , 4.467759 
1020133 , 4.475575 
1024590 , 4.515130 
1024737 , 4.477905 
1000804 , 4.334374 
1012464 , 4.420584 
1030223 , 4.447147 
1024942 , 4.548345 
1008035 , 4.382820 
1000626 , 4.410957 
1029393 , 4.439349 
1003640 , 4.382300 
1029091 , 4.448357 
1001914 , 4.301404 
1022960 , 4.478842 
1025955 , 4.445684 
1022206 , 4.413960 
1027795 , 4.486625 
1029316 , 4.499295 
1030642 , 4.476089 
1008812 , 4.374589 
1017679 , 4.422039 
1010706 , 4.364396 
1032311 , 4.518635 
1018555 , 4.427089 
1029524 , 4.463769 
1010363 , 4.381118 
1019860 , 4.426667 
1005986 , 4.353894 
1027955 , 4.570882 
1011449 , 4.387409 
1004933 , 4.506469 
1025460 , 4.461524 
1022793 , 4.497990 
1006282 , 4.338044 
1001046 , 4.302006 
1030890 , 4.508624 
1005123 , 4.355527 
1015808 , 4.467244 
1011582 , 4.431175 
1026510 , 4.431857 
1017891 , 4.466544 
1018941 , 4.411798 
1025754 , 4.422431 
1003591 , 4.342547 
1019788 , 4.517041 
1031303 , 4.471039 
1009411 , 4.348688 
1027115 , 4.429608 
1028519 , 4.462632 
1016694 , 4.385124 
1013451 , 4.416422 
1009541 , 4.348553 
1031449 , 4.503291 
1023328 , 4.417088 
1019180 , 4.415762 
1025327 , 4.453719 
1029362 , 4.568171 
1006280 , 4.349521 
1023493 , 4.427742 
1022839 , 4.415489 
1028015 , 4.443658 
1030707 , 4.453503 
1016828 , 4.414328 
1011073 , 4.415620 
1016534 , 4.438637 
1006082 , 4.440158 
1022222 , 4.457518 
1032595 , 4.473192 
1021652 , 4.488669 
1016954 , 4.449725 
1016493 , 4.402338 
1000281 , 4.319678 
1002976 , 4.408887 
1022320 , 4.422479 
1010336 , 4.388805 
1027032 , 4.475261 
1007636 , 4.422539 
1025490 , 4.435135 
1015829 , 4.388063 
1009447 , 4.423998 
1010854 , 4.354544 
1030487 , 4.506274 
1023111 , 4.429542 
1005089 , 4.380382 
1026273 , 4.473192 
1028961 , 4.442918 
1023112 , 4.475376 
1001067 , 4.305445 
1015419 , 4.369419 
1022029 , 4.405513 
1014254 , 4.380266 
1018493 , 4.419020 
1011033 , 4.362616 
1028220 , 4.435668 
1008412 , 4.358183 
1029227 , 4.439799 
1006926 , 4.408058 
1022405 , 4.419719 
1026066 , 4.455389 
1030458 , 4.456440 
1017497 , 4.410270 
1023715 , 4.492340 
1031256 , 4.463421 
1005277 , 4.485255 
1027227 , 4.438618 
1030193 , 4.464277 
1003814 , 4.433602 
1004893 , 4.502589 
1004961 , 4.337559 
1002605 , 4.337307 
1022630 , 4.515160 
1007022 , 4.395033 
1013863 , 4.399938 
1018770 , 4.419850 
1000924 , 4.327204 
1014554 , 4.492868 
1028226 , 4.474703 
1017491 , 4.435088 
1013091 , 4.386156 
1001189 , 4.540112 
1030767 , 4.470089 
1022143 , 4.424138 
1031741 , 4.459669 
1018330 , 4.395696 
1009740 , 4.443716 
1013828 , 4.401808 
1004578 , 4.503180 
1031688 , 4.501027 
1008604 , 4.416050 
1019071 , 4.478024 
1000150 , 4.404139 
1031971 , 4.540537 
1009683 , 4.383976 
1004845 , 4.365566 
1014617 , 4.380749 
1020049 , 4.439639 
1029082 , 4.473341 
1021926 , 4.538135 
1032594 , 4.571879 
1025471 , 4.486619 
1019999 , 4.479989 
1012006 , 4.372188 
1015539 , 4.411946 
1031637 , 4.582942 
1008006 , 4.377548 
1005523 , 4.349615 
1000015 , 4.317737 
1020060 , 4.439544 
1001925 , 4.357088 
1020032 , 4.396806 
1030135 , 4.441108 
1014157 , 4.390301 
1010419 , 4.413439 
1015236 , 4.371292 
1005680 , 4.442006 
1002607 , 4.322135 
1025761 , 4.564156 
1000514 , 4.328624 
1016901 , 4.397903 
1009474 , 4.352348 
1018826 , 4.523722 
1022915 , 4.392336 
1018154 , 4.397769 
1006182 , 4.417446 
1032414 , 4.533868 
1003620 , 4.344835 
1021646 , 4.418182 
1030167 , 4.561847 
1010261 , 4.417113 
1017528 , 4.479440 
1020201 , 4.449579 
1027755 , 4.494153 
1008474 , 4.381298 
1015981 , 4.500905 
1025209 , 4.570102 
1028595 , 4.462870 
1026140 , 4.446398 
1031420 , 4.510128 
1005949 , 4.346668 
1009388 , 4.363259 
1026341 , 4.423797 
1023266 , 4.506297 
1020292 , 4.510150 
1028052 , 4.462987 
1030706 , 4.425167 
1023273 , 4.586905 
1017456 , 4.410873 
1027654 , 4.505094 
1014996 , 4.363156 
1029775 , 4.536155 
1020240 , 4.491728 
1027089 , 4.436737 
1031787 , 4.466310 
1025013 , 4.418150 
1020945 , 4.410819 
1015578 , 4.366666 
1003114 , 4.323543 
1028263 , 4.551682 
1030709 , 4.465307 
1024058 , 4.405413 
1019831 , 4.420535 
1025966 , 4.520454 
1028460 , 4.510898 
1017445 , 4.434609 
1000714 , 4.350756 
1021357 , 4.424002 
1017974 , 4.458440 
1030395 , 4.615776 
1023741 , 4.424747 
1031933 , 4.488515 
1017182 , 4.402067 
1008636 , 4.347045 
1028720 , 4.581681 
1005189 , 4.344607 
1003738 , 4.365840 
1006171 , 4.385347 
1029430 , 4.458160 
1028283 , 4.444919 
1026733 , 4.454267 
1027451 , 4.431907 
1029039 , 4.453392 
1002011 , 4.385838 
1023449 , 4.482020 
1019756 , 4.438295 
1031979 , 4.507964 
1018160 , 4.459900 
1001527 , 4.324795 
1000599 , 4.339031 
1007843 , 4.363341 
1011260 , 4.428133 
1015224 , 4.495474 
1015130 , 4.380556 
1003033 , 4.348906 
1013308 , 4.433823 
1013825 , 4.432849 
1027666 , 4.479083 
1013973 , 4.402138 
1002737 , 4.426197 
1023356 , 4.449489 
1019072 , 4.423097 
1022821 , 4.412001 
1030151 , 4.470268 
1014893 , 4.462356 
1016987 , 4.390077 
1032537 , 4.625394 
1021275 , 4.427399 
1012826 , 4.430459 
1009400 , 4.346873 
1022687 , 4.468870 
1006943 , 4.352214 
1001652 , 4.403451 
1017481 , 4.393183 
1004341 , 4.347532 
1008197 , 4.386283 
1032700 , 4.470659 
1019324 , 4.478626 
1027262 , 4.438009 
1009998 , 4.494160 
1023938 , 4.497600 
1014029 , 4.370574 
1022818 , 4.474108 
1008781 , 4.463789 
1004962 , 4.336307 
1014150 , 4.397418 
1021635 , 4.459893 
1012524 , 4.392576 
1016006 , 4.422876 
1011019 , 4.405428 
1017748 , 4.430327 
1009310 , 4.376629 
1019782 , 4.414447 
1030944 , 4.454449 
1004917 , 4.368053 
1008448 , 4.371257 
1024901 , 4.404006 
1012790 , 4.375029 
1025959 , 4.530540 
1006915 , 4.449005 
1007011 , 4.400251 
1024596 , 4.496380 
1010171 , 4.398367 
1009270 , 4.391463 
1006932 , 4.379397 
1017690 , 4.392233 
1028307 , 4.447310 
1026890 , 4.446196 
1032689 , 4.581804 
1011978 , 4.422203 
1028432 , 4.458650 
1003855 , 4.355443 
1018761 , 4.417117 
1027377 , 4.437478 
1014408 , 4.362257 
1011373 , 4.409474 
1002465 , 4.404182 
1007716 , 4.338205 
1019381 , 4.461171 
1016381 , 4.426622 
1014765 , 4.393903 
1016392 , 4.419968 
1024764 , 4.422378 
1011106 , 4.420538 
1017225 , 4.451085 
1006273 , 4.345652 
1004427 , 4.432286 
1011753 , 4.522529 
1005463 , 4.343734 
1025132 , 4.503400 
1009318 , 4.444848 
1031535 , 4.460674 
1003953 , 4.401000 
1011559 , 4.369986 
1016712 , 4.409758 
1001290 , 4.340931 
1018898 , 4.425944 
1032453 , 4.461279 
1003366 , 4.326060 
1016673 , 4.387778 
1008758 , 4.348699 
1032717 , 4.501973 
1013396 , 4.374290 
1026996 , 4.448800 
1012566 , 4.505710 
1014238 , 4.420619 
1010729 , 4.398811 
1020898 , 4.408513 
1028920 , 4.522865 
1018912 , 4.475477 
1026438 , 4.444699 
1025510 , 4.465470 
1004842 , 4.368345 
1000327 , 4.394822 
1029958 , 4.434316 
1024999 , 4.437988 
1000389 , 4.324515 
1019159 , 4.392160 
1020031 , 4.377685 
1028633 , 4.474505 
1005223 , 4.413617 
1005461 , 4.343780 
1002954 , 4.323909 
1005488 , 4.507938 
1000821 , 4.319306 
1026294 , 4.408918 
1022352 , 4.509530 
1011845 , 4.348470 
1020463 , 4.416639 
1029514 , 4.447410 
1029372 , 4.509155 
1014534 , 4.477107 
1017918 , 4.454857 
1024153 , 4.497800 
1016047 , 4.431738 
1022830 , 4.430905 
1015940 , 4.403179 
1002979 , 4.316326 
1030235 , 4.443908 
1009586 , 4.386952 
1026105 , 4.496736 
1020523 , 4.415014 
1019840 , 4.396435 
1016166 , 4.451189 
1003860 , 4.357755 
1007931 , 4.358129 
1013517 , 4.490806 
1016593 , 4.458054 
1019216 , 4.400818 
1014812 , 4.388389 
1006656 , 4.476150 
1031691 , 4.465908 
1024934 , 4.401295 
1011202 , 4.362614 
1005552 , 4.321960 
1006889 , 4.354586 
1027308 , 4.453152 
1019335 , 4.431269 
1022770 , 4.419633 
1030191 , 4.455255 
1025537 , 4.454414 
1020220 , 4.425060 
1019540 , 4.385350 
1013680 , 4.526900 
1015999 , 4.463502 
1023294 , 4.472430 
1028552 , 4.452161 
1028074 , 4.426949 
1019254 , 4.407056 
1028936 , 4.431238 
1016802 , 4.479380 
1020502 , 4.404994 
1003862 , 4.359986 
1031810 , 4.497788 
1028303 , 4.506744 
1030758 , 4.492318 
1027015 , 4.460035 
1015834 , 4.381529 
1023761 , 4.447427 
1011529 , 4.345801 
1030910 , 4.430169 
1017522 , 4.437070 
1031004 , 4.427474 
1004860 , 4.316473 
1009900 , 4.367596 
1002340 , 4.335901 
1025922 , 4.419419 
1008591 , 4.421894 
1019917 , 4.416397 
1009814 , 4.484655 
1003256 , 4.330806 
1021867 , 4.543961 
1012021 , 4.459031 
1016314 , 4.383755 
1018554 , 4.412936 
1012719 , 4.376660 
1028633 , 4.482819 
1020156 , 4.421567 
1021516 , 4.531582 
1003745 , 4.380279 
1024998 , 4.439373 
1015971 , 4.427015 
1015453 , 4.450739 
1024470 , 4.459525 
1022870 , 4.493434 
1030978 , 4.463575 
1023124 , 4.426989 
1005144 , 4.357615 
1030853 , 4.510524 
1000323 , 4.317848 
1007621 , 4.368167 
1014301 , 4.393272 
1014761 , 4.374335 
1030820 , 4.448339 
1002175 , 4.316193 
1023783 , 4.434839 
1004840 , 4.395436 
1023924 , 4.461659 
1005894 , 4.476210 
1023584 , 4.445124 
1001029 , 4.336077 
1011298 , 4.363412 
1015590 , 4.404965 
1024262 , 4.527221 
1031917 , 4.549362 
1013244 , 4.380941 
1007428 , 4.401207 
1004843 , 4.308365 
1031644 , 4.465210 
1027557 , 4.534335 
1006935 , 4.515049 
1007019 , 4.387097 
1002828 , 4.328667 
1023706 , 4.419741 
1005249 , 4.363687 
1002489 , 4.427688 
1001659 , 4.320542 
1010814 , 4.425509 
1024929 , 4.492356 
1028451 , 4.445630 
1011704 , 4.370726 
1031332 , 4.454648 
1003390 , 4.377625 
1011292 , 4.438200 
1024307 , 4.548007 
1003610 , 4.333406 
1005123 , 4.334056 
1005338 , 4.354811 
1008297 , 4.421152 
1015567 , 4.379306 
1027985 , 4.468891 
1016911 , 4.448939 
1006180 , 4.359798 
1009740 , 4.386200 
1011904 , 4.403169 
1028498 , 4.443573 
1024629 , 4.440363 
1007611 , 4.367868 
1023025 , 4.530501 
1025046 , 4.410494 
1003627 , 4.329164 
1028601 , 4.474628 
1018983 , 4.498449 
1005403 , 4.391517 
1004076 , 4.338758 
1016407 , 4.395567 
1014395 , 4.371002 
1010018 , 4.388215 
1025773 , 4.568311 
1008589 , 4.357226 
1027915 , 4.475348 
1032297 , 4.473138 
1018151 , 4.501743 
1028784 , 4.455597 
1025536 , 4.430814 
1023019 , 4.457269 
1029592 , 4.535355 
1008089 , 4.395179 
1021215 , 4.458124 
1009185 , 4.409618 
1002599 , 4.313232 
1026171 , 4.450720 
1024626 , 4.408457 
1001231 , 4.332726 
1000799 , 4.328506 
1027291 , 4.537390 
1015263 , 4.402968 
1027279 , 4.434087 
1008034 , 4.354235 
1003333 , 4.401522 
1017046 , 4.444088 
1031619 , 4.485933 
1012749 , 4.412497 
1025428 , 4.446964 
1012299 , 4.356293 
1017199 , 4.446880 
1020631 , 4.399934 
1032448 , 4.576025 
1021595 , 4.427644 
1009064 , 4.342794 
1016848 , 4.378718 
1009790 , 4.433312 
1007140 , 4.389768 
1029111 , 4.480795 
1004168 , 4.333743 
1017514 , 4.429799 
1002050 , 4.313484 
1026891 , 4.496554 
1030924 , 4.509425 
1011201 , 4.494969 
1015534 , 4.406911 
1025796 , 4.461039 
1019170 , 4.426159 
1002372 , 4.387516 
1029951 , 4.482439 
1017590 , 4.374626 
1010860 , 4.353634 
1005152 , 4.332403 
1032165 , 4.520865 
1005295 , 4.345548 
1030145 , 4.506247 
1000998 , 4.348478 
1025304 , 4.397598 
1011151 , 4.361611 
1018076 , 4.512353 
1031209 , 4.454974 
1001488 , 4.357653 
1018017 , 4.408579 
1013966 , 4.380016 
1032707 , 4.441395 
1032276 , 4.519380 
1022402 , 4.530445 
1020782 , 4.481032 
1031899 , 4.501939 
1009397 , 4.361166 
1012332 , 4.402997 
1014617 , 4.402158 
1029101 , 4.454760 
1028084 , 4.437505 
1018075 , 4.378723 
1030038 , 4.432458 
1019728 , 4.441989 
1013631 , 4.393205 
1007378 , 4.356851 
1000512 , 4.475139 
1013506 , 4.386429 
1024656 , 4.489580 
1001060 , 4.306520 
1026147 , 4.543076 
1027165 , 4.420637 
1027930 , 4.456864 
1025404 , 4.429159 
1031225 , 4.459690 
1024835 , 4.411377 
1021133 , 4.378804 
1027072 , 4.459679 
1011342 , 4.447183 
1012230 , 4.386537 
1023880 , 4.468321 
1001608 , 4.305500 
1031398 , 4.507961 
1018295 , 4.413313 
1032555 , 4.444786 
1021522 , 4.422498 
1020419 , 4.404012 
1023393 , 4.486260 
1017614 , 4.441339 
1004206 , 4.331577 
1012295 , 4.433918 
1007589 , 4.369988 
1022123 , 4.486748 
1012895 , 4.350842 
1002209 , 4.395962 
1010881 , 4.363014 
1026868 , 4.432408 
1019659 , 4.404349 
1025371 , 4.448569 
1001479 , 4.386664 
1000865 , 4.332512 
1011122 , 4.405312 
1022446 , 4.424677 
1023654 , 4.451573 
1001565 , 4.441558 
1002901 , 4.342174 
1018247 , 4.434309 
1012964 , 4.372522 
1032293 , 4.483941 
1006625 , 4.339408 
1016845 , 4.413187 
1006023 , 4.346161 
1011964 , 4.386598 
1003470 , 4.327516 
1015554 , 4.391997 
1003034 , 4.408322 
1005886 , 4.425808 
1020812 , 4.393667 
1019381 , 4.401267 
1027404 , 4.418503 
1017299 , 4.466290 
1008881 , 4.381072 
1009475 , 4.412198 
1015646 , 4.412403 
1012781 , 4.366776 
1019487 , 4.450609 
1027674 , 4.433380 
1023690 , 4.437209 
1022374 , 4.410026 
1006126 , 4.358834 
1011181 , 4.378722 
1009324 , 4.477222 
1029029 , 4.443308 
1025973 , 4.451904 
1015160 , 4.409148 
1011280 , 4.360495 
1029111 , 4.461172 
1007453 , 4.419879 
1022920 , 4.414690 
1004485 , 4.336097 
1019494 , 4.394942 
1008969 , 4.386587 
1029975 , 4.441051 
1013826 , 4.401989 
1002492 , 4.358757 
1005533 , 4.382765 
1010515 , 4.391877 
1006396 , 4.407721 
1010061 , 4.364034 
1007146 , 4.321234 
1028022 , 4.451144 
1031161 , 4.532321 
1028630 , 4.434118 
1014173 , 4.363622 
1011854 , 4.355382 
1002643 , 4.450259 
1024562 , 4.448548 
1028827 , 4.465630 
1024491 , 4.414257 
1009617 , 4.468743 
1002128 , 4.334191 
1008574 , 4.426047 
1012261 , 4.362404 
1013864 , 4.373910 
1027384 , 4.418069 
1014657 , 4.399337 
1006001 , 4.387505 
1011794 , 4.347017 
1028852 , 4.437835 
1000617 , 4.302806 
1021886 , 4.455189 
1008345 , 4.387597 
1029232 , 4.489410 
1020567 , 4.409473 
1008197 , 4.361746 
1002780 , 4.324359 
1014681 , 4.508152 
1022925 , 4.439138 
1021929 , 4.417847 
1019249 , 4.416477 
1026099 , 4.414675 
1010364 , 4.382586 
1024782 , 4.431216 
1002756 , 4.365887 
1015026 , 4.442636 
1011334 , 4.389462 
1003906 , 4.332877 
1013859 , 4.387287 
1027292 , 4.557315 
1022664 , 4.422609 
1022800 , 4.448270 
1022160 , 4.503680 
1002698 , 4.341129 
1003936 , 4.350329 
1012074 , 4.415227 
1023073 , 4.414248 
1030039 , 4.475368 
1010893 , 4.391052 
1006421 , 4.429963 
1002506 , 4.362347 
1000219 , 4.346263 
1029022 , 4.454299 
1003826 , 4.339200 
1021770 , 4.413046 
1017398 , 4.384716 
1017697 , 4.474142 
1004222 , 4.359476 
1018871 , 4.443239 
1000622 , 4.337341 
1019057 , 4.397817 
1015670 , 4.482079 
1007611 , 4.341891 
1009245 , 4.371946 
1017091 , 4.391559 
1023516 , 4.425934 
1013843 , 4.387064 
1003452 , 4.348387 
1027504 , 4.483280 
1025965 , 4.441204 
1003753 , 4.387747 
1006939 , 4.454240 
1003839 , 4.310452 
1011565 , 4.367897 
1006547 , 4.325898 
1013827 , 4.405023 
1013426 , 4.355480 
1014179 , 4.360384 
1019839 , 4.450805 
1017059 , 4.502986 
1020184 , 4.406666 
1003246 , 4.413222 
1023590 , 4.418623 
1017013 , 4.402659 
1000571 , 4.346195 
1013034 , 4.375248 
1030957 , 4.456842 
1028651 , 4.461339 
1019596 , 4.383776 
1021100 , 4.428463 
1019100 , 4.401737 
1031398 , 4.444144 
1000716 , 4.423702 
1006791 , 4.391702 
1022797 , 4.402432 
1024622 , 4.401273 
1009853 , 4.358342 
1028566 , 4.455339 
1014902 , 4.419528 
1016119 , 4.377418 
1030583 , 4.546450 
1017464 , 4.427006 
1023159 , 4.418041 
1017035 , 4.400626 
1009467 , 4.390497 
1011015 , 4.425515 
1002155 , 4.385901 
1027110 , 4.480502 
1013232 , 4.365843 
1028341 , 4.431856 
1003019 , 4.323359 
1013950 , 4.383793 
1027807 , 4.421548 
1030553 , 4.479322 
1018843 , 4.417109 
1025833 , 4.451897 
1029208 , 4.512939 
1018253 , 4.410872 
1004436 , 4.331545 
1020998 , 4.409354 
1000808 , 4.330834 
1001747 , 4.368817 
1004453 , 4.338322 
1032367 , 4.494648 
1017282 , 4.456694 
1025140 , 4.445386 
1018121 , 4.480529 
1009713 , 4.357775 
1008031 , 4.396737 
1005084 , 4.341672 
1024111 , 4.441669 
1000402 , 4.373236 
1008795 , 4.345766 
1015032 , 4.392642 
1005603 , 4.514520 
1014562 , 4.391639 
1024317 , 4.462402 
1005037 , 4.500564 
1008178 , 4.384227 
1028775 , 4.451477 
1012343 , 4.491519 
1008074 , 4.363642 
1031056 , 4.451138 
1018186 , 4.425724 
1006497 , 4.365676 
1003820 , 4.408338 
1031476 , 4.468955 
1012373 , 4.393411 
1023964 , 4.440939 
1003303 , 4.342409 
1003697 , 4.358507 
1010636 , 4.356915 
1022284 , 4.407074 
1015688 , 4.413209 
1008067 , 4.362649 
1012916 , 4.379742 
1030162 , 4.534300 
1010538 , 4.429502 
1030599 , 4.465327 
1019719 , 4.435528 
1026338 , 4.510284 
1029263 , 4.458161 
1029721 , 4.469189 
1012610 , 4.379382 
1002778 , 4.318882 
1019973 , 4.524362 
1014991 , 4.391637 
1004442 , 4.359219 
1001982 , 4.416019 
1029896 , 4.451258 
1015346 , 4.359559 
1031674 , 4.506895 
1030933 , 4.470910 
1030062 , 4.468598 
1029107 , 4.494501 
1001480 , 4.346894 
1003846 , 4.350743 
1005127 , 4.334564 
1008219 , 4.364136 
1024799 , 4.456250 
1006069 , 4.324070 
1001202 , 4.442908 
1021949 , 4.472384 
1019632 , 4.379478 
1032654 , 4.451760 
1014605 , 4.438218 
1000704 , 4.315769 
1003151 , 4.367386 
1010519 , 5.487264 
1006110 , 4.427367 
1006212 , 4.430192 
1028720 , 4.425801 
1015499 , 4.421268 
1002836 , 4.357199 
1018263 , 4.404737 
1027117 , 4.421142 
1028478 , 4.426923 
1021207 , 4.454540 
1027352 , 4.426897 
1003626 , 4.332636 
1024675 , 4.429240 
1009003 , 4.386603 
1012353 , 4.404250 
1031601 , 4.460508 
1010438 , 4.382179 
1030383 , 4.552640 
1006534 , 4.352668 
1022748 , 4.491741 
1003710 , 4.394693 
1015571 , 4.417883 
1010381 , 4.433271 
1020308 , 4.502709 
1022890 , 4.482104 
1021589 , 4.419231 
1008321 , 4.347394 
1018785 , 4.398460 
1009803 , 4.414599 
1028900 , 4.449148 
1020517 , 4.427208 
1025656 , 4.466579 
1011015 , 4.394403 
1016909 , 4.393052 
1007985 , 4.359406 
1026465 , 4.441643 
1018034 , 4.449319 
1026969 , 4.460775 
1016738 , 4.440298 
1026286 , 4.541830 
1009002 , 4.420863 
1011858 , 4.371973 
1026264 , 4.421388 
1017911 , 4.417039 
1004794 , 4.376376 
1029276 , 4.548821 
1007653 , 4.384628 
1019338 , 4.454122 
1009858 , 4.376951 
1021401 , 4.424961 
1017476 , 4.415875 
1027280 , 4.450978 
1010649 , 4.387927 
1032534 , 4.447939 
1020400 , 4.443113 
1031633 , 4.476148 
1022605 , 4.398007 
1023457 , 4.482805 
1027371 , 4.467924 
1019179 , 4.405602 
1005494 , 4.337190 
1001672 , 4.390002 
1001465 , 4.401187 
1008660 , 4.378895 
1023061 , 4.481544 
1023726 , 4.429768 
1008627 , 4.378674 
1023444 , 4.474911 
1026206 , 4.461618 
1027751 , 4.462770 
1002553 , 4.386403 
1017856 , 4.395778 
1003315 , 4.318398 
1017284 , 4.486086 
1014833 , 4.394136 
1001467 , 4.391313 
1012209 , 4.423738 
1008430 , 4.384719 
1002264 , 4.376437 
1023855 , 4.434392 
1027780 , 4.439605 
1012797 , 4.373488 
1026174 , 4.543830 
1001619 , 4.338181 
1015033 , 4.401394 
1022139 , 4.476233 
1016289 , 4.407701 
1025842 , 4.441874 
1030027 , 4.458134 
1027702 , 4.512135 
1028288 , 4.433179 
1014856 , 4.402177 
1026340 , 4.461301 
1031730 , 4.439464 
1004407 , 4.332253 
1004184 , 4.378897 
1016933 , 4.425476 
1029197 , 4.473518 
1025370 , 4.507478 
1020569 , 4.404363 
1009492 , 4.395258 
1029291 , 4.545491 
1020162 , 4.397523 
1005960 , 4.382376 
1028693 , 4.438458 
1022696 , 4.474362 
1017627 , 4.395153 
1001916 , 4.316343 
1004078 , 4.349706 
1031774 , 4.491433 
1016050 , 4.417718 
1025811 , 4.436036 
1006062 , 4.432094 
1027447 , 4.460214 
1018208 , 4.397002 
1002337 , 4.394732 
1027961 , 4.437354 
1026553 , 4.445627 
1007626 , 4.349905 
1031831 , 4.484090 
1032110 , 4.498863 
1028931 , 4.468779 
1006343 , 4.445659 
1011589 , 4.492094 
1009097 , 4.445998 
1021852 , 4.397323 
1003569 , 4.344855 
1015768 , 4.391750 
1022142 , 4.485538 
1030271 , 4.446446 
1022978 , 4.452781 
1032304 , 4.577292 
1026882 , 4.459121 
1004850 , 4.329261 
1003328 , 4.336727 
1000814 , 4.338864 
1006624 , 4.315940 
1021049 , 4.452260 
1015128 , 4.369074 
1030069 , 4.442377 
1013296 , 4.360592 
1023961 , 4.391659 
1012642 , 4.403859 
1012135 , 4.404513 
1001071 , 4.381361 
1028752 , 4.435414 
1012433 , 4.354606 
1026813 , 4.423951 
1028956 , 4.423493 
1004009 , 4.407722 
1019167 , 4.463283 
1000786 , 4.322444 
1011679 , 4.386576 
1032437 , 4.468640 
1001713 , 4.333684 
1000752 , 4.328486 
1017317 , 4.394309 
1004704 , 4.394386 
1013299 , 4.465769 
1031210 , 4.439878 
1012152 , 4.403736 
1026455 , 4.488943 
1013084 , 4.648115 
1025638 , 4.465075 
1008143 , 4.386986 
1016059 , 4.463848 
1018716 , 4.411736 
1006255 , 4.399302 
1020240 , 4.378225 
1032552 , 4.546731 
1025911 , 4.429368 
1005530 , 4.441964 
1015234 , 4.483330 
1009229 , 4.355945 
1007796 , 4.404900 
1010419 , 4.486963 
1007253 , 4.472245 
1027033 , 4.492067 
1028022 , 4.445370 
1006825 , 4.447567 
1030688 , 4.465355 
1011898 , 4.364545 
1000272 , 4.326084 
1025429 , 4.474890 
1005300 , 4.517629 
1005128 , 4.410945 
1022200 , 4.440802 
1005739 , 4.366618 
1022377 , 4.518540 
1024401 , 4.442139 
1005212 , 4.367436 
1020895 , 4.415810 
1003183 , 4.339736 
1029795 , 4.511549 
1006589 , 4.330691 
1011036 , 4.487734 
1008761 , 4.383544 
1021131 , 4.393716 
1017698 , 4.417261 
1011436 , 4.398468 
1022027 , 4.444140 
1004469 , 4.385150 
1009990 , 4.387699 
1026386 , 4.428601 
1001715 , 4.333981 
1022853 , 4.430899 
1008438 , 4.375638 
1029427 , 4.512645 
1027314 , 4.437707 
1012486 , 4.388563 
1015950 , 4.424697 
1011934 , 4.425216 
1001440 , 4.431118 
1022473 , 4.553051 
1019695 , 4.419568 
1026013 , 4.468841 
1006953 , 4.335064 
1029382 , 4.491338 
1014115 , 4.433578 
1013217 , 4.364739 
1015224 , 4.465328 
1012433 , 4.364012 
1006383 , 4.343838 
1027931 , 4.441254 
1031203 , 4.533696 
1028479 , 4.452079 
1008900 , 4.368126 
1018105 , 4.454392 
1028087 , 4.442720 
1011157 , 4.420143 
1009494 , 4.360555 
1007843 , 4.382384 
1014456 , 4.426494 
1017822 , 4.434618 
1026738 , 4.472503 
1024843 , 4.456762 
1006029 , 4.359141 
1029727 , 4.463649 
1016804 , 4.417044 
1008395 , 4.373172 
1005517 , 4.444814 
1018349 , 4.408510 
1014778 , 4.629163 
1019255 , 4.515919 
1012724 , 4.479556 
1010957 , 4.391569 
1024366 , 4.467950 
1009892 , 4.376378 
1028282 , 4.452867 
1019660 , 4.445741 
1032530 , 4.472618 
1023595 , 4.404057 
1030180 , 4.675615 
1020925 , 4.425609 
1026522 , 4.518359 
1011331 , 4.441198 
1006648 , 4.343121 
1017262 , 4.425147 
1024934 , 4.456909 
1000924 , 4.388612 
1019090 , 4.407643 
1029871 , 4.462475 
1012619 , 4.399803 
1016025 , 4.359626 
1004765 , 4.435558 
1016818 , 4.396324 
1019441 , 4.443604 
1000852 , 4.519300 
1030773 , 4.489979 
1030932 , 4.440332 
1023617 , 4.439500 
1012181 , 4.416168 
1019944 , 4.423729 
1014921 , 4.400279 
1003085 , 4.368942 
1025513 , 4.518873 
1030948 , 4.534890 
1023601 , 4.438321 
1012871 , 4.401307 
1020789 , 4.429589 
1020645 , 4.409506 
1007864 , 4.352935 
1016948 , 4.409717 
1031072 , 4.484371 
1028464 , 4.499755 
1029786 , 4.475259 
1014317 , 4.397803 
1012270 , 4.374313 
1014861 , 4.368687 
1026228 , 4.461333 
1032693 , 4.557583 
1026329 , 4.434985 
1012336 , 4.398189 
1005972 , 4.351278 
1011089 , 4.399208 
1018663 , 4.475769 
1030790 , 4.442397 
1009245 , 4.477663 
1005187 , 4.349341 
1020474 , 4.403207 
1019557 , 4.422168 
1032389 , 4.456329 
1002957 , 4.323373 
1014978 , 4.368323 
1009965 , 4.414003 
1011192 , 4.356621 
1006367 , 4.358076 
1019741 , 4.430689 
1008146 , 4.450148 
1019137 , 4.439329 
1028976 , 4.422293 
1018743 , 4.392027 
1029758 , 4.523065 
1002613 , 4.345808 
1028456 , 4.439116 
1015888 , 4.370858 
1013210 , 4.478530 
1030596 , 4.512994 
1003258 , 4.373399 
1028192 , 4.537730 
1016414 , 4.406620 
1015499 , 4.375382 
1019039 , 4.378695 
1018817 , 4.445249 
1002067 , 4.323955 
1016457 , 4.403739 
1023689 , 4.398059 
1032232 , 4.483075 
1017980 , 4.489612 
1015973 , 4.400638 
1013943 , 4.425090 
1013510 , 4.431072 
1022180 , 4.416607 
1020606 , 4.524275 
1005374 , 4.435000 
1018163 , 4.429589 
1009374 , 4.411789 
1012752 , 4.427799 
1027060 , 4.550681 
1017602 , 4.390248 
1007480 , 4.350388 
1003352 , 4.373574 
1029640 , 4.508694 
1002732 , 4.323598 
1024075 , 4.472253 
1028401 , 4.459829 
1023990 , 4.464393 
1005995 , 4.388088 
1020156 , 4.403572 
1031808 , 4.483345 
1017580 , 4.388196 
1024881 , 4.423613 
1028873 , 4.467610 
1018885 , 4.389419 
1031526 , 4.420989 
1030772 , 4.492690 
1027610 , 4.530581 
1001497 , 4.326247 
1018293 , 4.515145 
1003014 , 4.369970 
1014700 , 4.548443 
1005649 , 4.325297 
1017286 , 4.405099 
1006456 , 4.386660 
1029995 , 4.478901 
1022838 , 4.540811 
1018678 , 4.418436 
1020377 , 4.452331 
1024108 , 4.418704 
1023914 , 4.448541 
1024329 , 4.403880 
1012932 , 4.384329 
1013706 , 4.382257 
1014921 , 4.435700 
1020742 , 4.478784 
1017722 , 4.398258 
1006197 , 4.482624 
1001184 , 4.370080 
1026345 , 4.440824 
1004314 , 4.359038 
1015178 , 4.381136 
1024045 , 4.457704 
1024235 , 4.429232 
1026927 , 4.525752 
1021686 , 4.519150 
1015013 , 4.485360 
1011869 , 4.375261 
1018052 , 4.407137 
1009381 , 4.440980 
1021181 , 4.384742 
1026597 , 4.459031 
1031024 , 4.469139 
1029193 , 4.460030 
1008798 , 4.353606 
1027924 , 4.426578 
1010225 , 4.346617 
1006957 , 4.398157 
1004580 , 4.406072 
1020498 , 4.444042 
1014625 , 4.429929 
1020208 , 4.510482 
1031267 , 4.505695 
1029638 , 4.469224 
1030412 , 4.478077 
1023450 , 4.465711 
1032649 , 4.566506 
1008443 , 4.426623 
1016552 , 4.419628 
1024327 , 4.468417 
1008184 , 4.390217 
1021114 , 4.419948 
1000878 , 4.340896 
1028857 , 4.458241 
1013502 , 4.359914 
1007071 , 4.340775 
1023938 , 4.464695 
1002150 , 4.311110 
1002950 , 4.367578 
1017970 , 4.733735 
1001532 , 4.353986 
1004513 , 4.346278 
1032400 , 4.529825 
1025025 , 4.500345 
1008021 , 4.382808 
1021554 , 4.439740 
1014561 , 4.379196 
1018512 , 4.531040 
1029948 , 4.479091 
1003799 , 4.345186 
1016653 , 4.390052 
1006247 , 4.338798 
1021259 , 4.399247 
1000371 , 4.339636 
1030669 , 4.430267 
1002952 , 4.347046 
1017988 , 4.405682 
1028834 , 4.670304 
1024460 , 4.508134 
1001002 , 4.388917 
1001507 , 4.305748 
1007085 , 4.462531 
1026072 , 4.539087 
1001329 , 4.382383 
1020493 , 4.398425 
1012305 , 4.514575 
1020552 , 4.420959 
1030452 , 4.476527 
1007026 , 4.377308 
1029801 , 4.471059 
1025855 , 4.426481 
1030760 , 4.519861 
1010502 , 4.459299 
1004084 , 4.315601 
1023269 , 4.409927 
1019375 , 4.448717 
1022153 , 4.401277 
1008979 , 4.378299 
1012558 , 4.389102 
1000042 , 4.328326 
1016143 , 4.484614 
1000227 , 4.350145 
1005233 , 4.399739 
1008230 , 4.342643 
1022065 , 4.425302 
1019962 , 4.519090 
1013298 , 4.398153 
1021227 , 4.433500 
1016973 , 4.397619 
1009094 , 4.347852 
1007740 , 4.362398 
1022021 , 4.445034 
1008934 , 4.437057 
1014090 , 4.429547 
1014175 , 4.381562 
1009322 , 4.444465 
1025852 , 4.548954 
1030119 , 4.446962 
1023946 , 4.439840 
1020420 , 4.434619 
1026177 , 4.445594 
1017883 , 4.399567 
1023899 , 4.440528 
1030004 , 4.450152 
1029998 , 4.510758 
1028797 , 4.433348 
1020281 , 4.454653 
1003342 , 4.398397 
1016512 , 4.469732 
1029293 , 4.439065 
1011985 , 4.479681 
1014353 , 4.447759 
1032436 , 4.533257 
1021010 , 4.418169 
1021855 , 4.549511 
1018177 , 4.407403 
1019666 , 4.393817 
1002693 , 4.364262 
1002384 , 4.479949 
1025214 , 4.417080 
1004180 , 4.405062 
1031532 , 4.571420 
1002783 , 4.303374 
1024207 , 4.465361 
1029622 , 4.487210 
1031724 , 4.484024 
1013986 , 4.370026 
1024986 , 4.427083 
1002415 , 4.384647 
1028188 , 4.493614 
1009546 , 4.453259 
1001983 , 4.330783 
1002474 , 4.412670 
1030923 , 4.521437 
1011206 , 4.372025 
1022662 , 4.415571 
1011927 , 4.554089 
1016518 , 4.405473 
1011164 , 4.380006 
1000068 , 4.332360 
1009987 , 4.415539 
1019293 , 4.559741 
1014297 , 4.384392 
1032097 , 4.501466 
1004246 , 4.335360 
1022009 , 4.409628 
1023311 , 4.443861 
1020109 , 4.433629 
1021501 , 4.505379 
1000090 , 4.311202 
1008995 , 4.375229 
1003733 , 4.413939 
1015539 , 4.355986 
1019852 , 4.453442 
1022098 , 4.432611 
1027819 , 4.456153 
1027012 , 4.403537 
1019921 , 4.480014 
1028600 , 4.468570 
1020186 , 4.431828 
1019844 , 4.424124 
1000724 , 4.435287 
1013596 , 4.354537 
1018903 , 4.398126 
1020151 , 4.409331 
1003892 , 4.336964 
1022540 , 4.439508 
1032633 , 4.473840 
1010101 , 4.392643 
1011090 , 4.466119 
1001929 , 4.474719 
1015453 , 4.488154 
1020014 , 4.449721 
1014605 , 4.426353 
1024009 , 4.424913 
1027188 , 4.431629 
1006470 , 4.678749 
1004639 , 4.355306 
1018779 , 4.419187 
1008576 , 4.356947 
1006950 , 4.425710 
1015394 , 4.458147 
1001226 , 4.325563 
1022133 , 4.415208 
1021039 , 4.457380 
1014102 , 4.458780 
1028569 , 4.455814 
1023092 , 4.416907 
1027131 , 4.468274 
1018774 , 4.426037 
1028003 , 4.474973 
1011791 , 4.360448 
1029887 , 4.553120 
1008332 , 4.352747 
1004445 , 4.352987 
1031029 , 4.619562 
1029707 , 4.448199 
1010310 , 4.406086 
1030698 , 4.476903 
1029157 , 4.430268 
1020291 , 4.442321 
1008081 , 4.358116 
1022423 , 4.533255 
1017672 , 4.386912 
1025657 , 4.430760 
1004045 , 4.447627 
1023296 , 4.473294 
1027018 , 4.444779 
1015570 , 4.367886 
1029401 , 4.593981 
1009966 , 4.359227 
1028725 , 4.538014 
1027089 , 4.424817 
1027809 , 4.482061 
1029843 , 4.461789 
1027979 , 4.426018 
1009665 , 4.498719 
1001325 , 4.344981 
1027009 , 4.440858 
1004938 , 4.379544 
1017952 , 4.422458 
1023268 , 4.437962 
1009305 , 4.334861 
1002051 , 4.372502 
1013370 , 4.411687 
1011790 , 4.450473 
1023032 , 4.492010 
1007028 , 4.461103 
1004857 , 4.371992 
1006413 , 4.362955 
1000059 , 4.329845 
1016696 , 4.416979 
1019584 , 4.410778 
1023391 , 4.439179 
1030999 , 4.570991 
1032639 , 4.599982 
1000263 , 4.348197 
1025315 , 4.398898 
1001432 , 4.354406 
1003771 , 4.348915 
1002316 , 4.345664 
1025850 , 4.522745 
1015667 , 4.397239 
1001519 , 4.337294 
1017474 , 4.408309 
1021511 , 4.393033 
1012000 , 4.475857 
1008955 , 4.397522 
1018011 , 4.428815 
1004662 , 4.395107 
1021650 , 4.428028 
1029632 , 4.576711 
1007373 , 4.380988 
1010709 , 4.363092 
1013117 , 4.396259 
1027413 , 4.443236 
1008723 , 4.404518 
1010612 , 4.377066 
1010871 , 4.450952 
1009659 , 4.454228 
1032225 , 4.455326 
1027697 , 4.491431 
1023886 , 4.596042 
1015950 , 4.456619 
1004097 , 4.332706 
1019973 , 4.459319 
1006493 , 4.388012 
1022561 , 4.454512 
1029031 , 4.543330 
1009523 , 4.344864 
1018827 , 4.662909 
1028365 , 4.453718 
1011977 , 4.443149 
1004835 , 4.349889 
1022071 , 4.421408 
1029970 , 4.451718 
1029083 , 4.440660 
1031714 , 4.466674 
1031515 , 4.552431 
1006481 , 4.371602 
1030140 , 4.648331 
1020744 , 4.402048 
1023049 , 4.415519 
1022794 , 4.453580 
1019293 , 4.424271 
1019987 , 4.420097 
1022416 , 4.420521 
1031321 , 4.455100 
1031527 , 4.512813 
1000471 , 4.348065 
1011701 , 4.375846 
1030243 , 4.434168 
1023061 , 4.519290 
1018198 , 4.440269 
1011771 , 4.432031 
1017140 , 4.534300 
1017765 , 4.442439 
1025385 , 4.433895 
1008895 , 4.347388 
1004552 , 4.346474 
1021824 , 4.431030 
1020347 , 4.475531 
1022718 , 4.417318 
1031126 , 4.484679 
1000739 , 4.417976 
1006260 , 4.336221 
1015699 , 4.393140 
1009315 , 4.351593 
1018457 , 4.406883 
1009055 , 4.389156 
1011791 , 4.374088 
1002592 , 4.351961 
1011624 , 4.476003 
1025144 , 4.453268 
1024826 , 4.416939 
1029404 , 4.471940 
1030623 , 4.434110 
1026686 , 4.465367 
1008227 , 4.481219 
1005437 , 4.365908 
1028280 , 4.422049 
1029963 , 4.428613 
1020757 , 4.427618 
1026491 , 4.451718 
1015419 , 4.397609 
1023433 , 4.498405 
1008206 , 4.356685 
1026140 , 4.435177 
1012898 , 4.378090 
1001298 , 4.445161 
1011385 , 4.373436 
1030564 , 4.527797 
1021509 , 4.432999 
1024061 , 4.522018 
1022019 , 4.457114 
1011820 , 4.439032 
1002871 , 4.318764 
1028653 , 4.453939 
1030794 , 4.437407 
1015117 , 4.392289 
1018592 , 4.397197 
1006253 , 4.381869 
1028612 , 4.465640 
1013744 , 4.389949 
1027094 , 4.451488 
1000707 , 4.356648 
1005470 , 4.531858 
1016195 , 4.426218 
1020352 , 4.462717 
1019938 , 4.520682 
1009124 , 4.438691 
1016931 , 4.447058 
1007541 , 4.370808 
1020495 , 4.427498 
1007145 , 4.369456 
1009771 , 4.385778 
1016625 , 4.368103 
1017389 , 4.388100 
1015933 , 4.435018 
1015671 , 4.434142 
1003736 , 4.361554 
1015578 , 4.439939 
1018082 , 4.413378 
1024294 , 4.474465 
1013392 , 4.396938 
1001127 , 4.435368 
1010460 , 4.385252 
1011128 , 4.395779 
1020900 , 4.400279 
1017568 , 4.513479 
1007963 , 4.339647 
1008892 , 4.358274 
1018854 , 4.389725 
1000279 , 4.342585 
1001212 , 4.323903 
1019604 , 4.390587 
1004293 , 4.337785 
1008930 , 4.431292 
1008666 , 4.435244 
1015534 , 4.412333 
1024010 , 4.396937 
1018068 , 4.449580 
1024895 , 4.431201 
1015843 , 4.486479 
1019765 , 4.558115 
1030550 , 4.555738 
1021734 , 4.429374 
1004244 , 4.406889 
1008721 , 4.357835 
1002011 , 4.300734 
1007065 , 4.367967 
1003130 , 4.343754 
