2 0.000000
2 0.070000
4 0.080000
8 0.100000
16 0.100000
32 0.110000
64 0.130000
128 0.190000
256 0.300000
512 0.530000
1024 1.000000
2048 1.930000
4096 4.000000
8192 7.730000
16384 15.171000
32768 30.071000
65536 60.122000
131072 119.483000
262144 241.357000
524288 490.902000
1048576 986.946000
2097152 1998.352000
4194304 3974.583000
8388608 8095.731000
16777216 15861.423000
33554432 32554.838000
67108864 67511.587000
134217728 159406.953000
268435456 256661.114000
4294967296 0.080000
8589934592 0.090000
17179869184 0.070000
34359738368 0.070000
68719476736 0.070000
137438953472 0.070000
2 0.070000
4 0.100000
8 0.100000
16 0.110000
32 0.110000
64 0.130000
128 0.190000
256 0.300000
512 0.540000
1024 1.010000
2048 1.960000
4096 3.970000
8192 7.750000
16384 15.281000
32768 31.250000
65536 63.831000
131072 183.155000
262144 304.388000
524288 656.657000
1048576 1424.816000
2097152 2013.622000
4194304 3976.994000
8388608 8008.248000
16777216 15996.185000
33554432 39271.398000
67108864 85648.460000
134217728 164436.734000
268435456 327968.299000
4294967296 0.080000
8589934592 0.080000
17179869184 0.080000
34359738368 0.080000
68719476736 0.080000
137438953472 0.080000
2 0.080000
4 0.090000
8 0.100000
16 0.100000
32 0.110000
64 0.130000
128 0.180000
256 0.300000
512 0.550000
1024 1.000000
2048 1.930000
4096 3.920000
8192 7.640000
16384 15.090000
32768 51.072000
65536 61.582000
131072 119.813000
262144 260.386000
524288 495.962000
1048576 1062.917000
2097152 2011.011000
4194304 4009.521000
8388608 8072.475000
16777216 19380.301000
33554432 32169.365000
67108864 65592.492000
134217728 143681.670000
268435456 263464.963000
4294967296 0.080000
8589934592 0.080000
17179869184 0.070000
34359738368 0.080000
68719476736 0.070000
137438953472 0.070000
2 0.070000
4 0.080000
8 0.100000
16 0.110000
32 0.120000
64 0.120000
128 0.180000
256 0.300000
512 0.530000
1024 1.020000
2048 1.940000
4096 3.960000
8192 7.680000
16384 15.140000
32768 30.350000
65536 59.852000
131072 119.453000
262144 247.126000
524288 501.472000
1048576 996.295000
2097152 2019.840000
4194304 3985.790000
8388608 7978.390000
16777216 20062.101000
33554432 40995.245000
67108864 82538.983000
134217728 163607.598000
268435456 265939.324000
4294967296 0.090000
8589934592 0.080000
17179869184 0.070000
34359738368 0.080000
68719476736 0.080000
137438953472 0.110000
2 0.070000
4 0.090000
8 0.090000
16 0.110000
32 0.120000
64 0.120000
128 0.180000
256 0.300000
512 0.540000
1024 1.000000
2048 1.940000
4096 3.960000
8192 7.691000
16384 15.150000
32768 30.061000
65536 59.852000
131072 119.933000
262144 239.436000
524288 521.514000
1048576 1315.714000
2097152 2000.701000
4194304 4005.773000
8388608 10225.433000
16777216 21060.089000
33554432 40958.310000
67108864 64366.811000
134217728 128706.950000
268435456 327006.630000
4294967296 0.070000
8589934592 0.080000
17179869184 0.080000
34359738368 0.080000
68719476736 0.080000
137438953472 0.080000
2 0.070000
4 0.080000
8 0.100000
16 0.100000
32 0.110000
64 0.130000
128 0.180000
256 0.310000
512 0.540000
1024 1.000000
2048 1.930000
4096 3.960000
8192 7.830000
16384 15.950000
32768 30.921000
65536 63.252000
131072 188.296000
262144 319.629000
524288 677.639000
1048576 1403.369000
2097152 2506.791000
4194304 5455.175000
8388608 10507.548000
16777216 20408.710000
33554432 43302.890000
67108864 64819.222000
134217728 141738.947000
268435456 259770.618000
4294967296 0.070000
8589934592 0.080000
17179869184 0.090000
34359738368 0.080000
68719476736 0.080000
137438953472 0.080000
2 0.070000
4 0.090000
8 0.100000
16 0.100000
32 0.130000
64 0.130000
128 0.190000
256 0.300000
512 0.540000
1024 1.010000
2048 2.010000
4096 3.910000
8192 7.641000
16384 17.001000
32768 30.351000
65536 66.022000
131072 145.934000
262144 286.277000
524288 685.328000
1048576 1237.202000
2097152 2611.187000
4194304 4847.863000
8388608 8056.055000
16777216 20319.186000
33554432 32103.226000
67108864 64222.282000
134217728 175547.763000
268435456 284924.132000
4294967296 0.080000
8589934592 0.070000
17179869184 0.070000
34359738368 0.080000
68719476736 0.080000
137438953472 0.080000
2 0.070000
4 0.080000
8 0.100000
16 0.110000
32 0.120000
64 0.130000
128 0.190000
256 0.310000
512 0.530000
1024 1.000000
2048 1.940000
4096 3.920000
8192 7.640000
16384 15.280000
32768 30.251000
65536 83.812000
131072 144.734000
262144 305.609000
524288 674.790000
1048576 1279.727000
2097152 2683.397000
4194304 5308.813000
8388608 8392.382000
16777216 16049.873000
33554432 32044.456000
67108864 83637.296000
134217728 137521.034000
268435456 345942.416000
4294967296 0.080000
8589934592 0.070000
17179869184 0.070000
34359738368 0.070000
68719476736 0.080000
137438953472 0.080000
2 0.070000
4 0.090000
8 0.100000
16 0.100000
32 0.110000
64 0.130000
128 0.180000
256 0.310000
512 0.540000
1024 1.010000
2048 1.940000
4096 3.961000
8192 7.770000
16384 15.330000
32768 30.051000
65536 63.841000
131072 157.894000
262144 313.248000
524288 688.248000
1048576 1316.314000
2097152 2660.409000
4194304 5111.423000
8388608 10868.942000
16777216 16088.317000
33554432 36565.907000
67108864 64177.972000
134217728 160910.377000
268435456 278354.468000
4294967296 0.070000
8589934592 0.070000
17179869184 0.070000
34359738368 0.070000
68719476736 0.080000
137438953472 0.070000
2 0.070000
4 0.080000
8 0.090000
16 0.110000
32 0.120000
64 0.130000
128 0.180000
256 0.300000
512 0.540000
1024 1.010000
2048 1.940000
4096 4.030000
8192 7.750000
16384 15.211000
32768 30.121000
65536 59.922000
131072 119.503000
262144 239.476000
524288 500.793000
1048576 1002.456000
2097152 1994.662000
4194304 3996.584000
8388608 8023.378000
16777216 16116.728000
33554432 41729.664000
67108864 65333.007000
134217728 161423.742000
268435456 331578.351000
4294967296 0.080000
8589934592 0.080000
17179869184 0.080000
34359738368 0.080000
68719476736 0.080000
137438953472 0.080000
2 0.060000
4 0.090000
8 0.100000
16 0.100000
32 0.120000
64 0.130000
128 0.180000
256 0.300000
512 0.540000
1024 1.010000
2048 1.940000
4096 3.960000
8192 7.690000
16384 15.140000
32768 30.050000
65536 59.882000
131072 120.103000
262144 260.727000
524288 502.113000
1048576 1008.158000
2097152 2008.095000
4194304 4029.221000
8388608 10717.314000
16777216 21154.209000
33554432 31988.435000
67108864 86054.307000
134217728 128011.716000
268435456 264524.834000
4294967296 0.070000
8589934592 0.080000
17179869184 0.080000
34359738368 0.080000
68719476736 0.070000
137438953472 0.080000
2 0.080000
4 0.080000
8 0.100000
16 0.110000
32 0.120000
64 0.130000
128 0.190000
256 0.310000
512 0.540000
1024 1.010000
2048 1.930000
4096 3.990000
8192 7.670000
16384 15.510000
32768 30.631000
65536 65.342000
131072 199.826000
262144 339.780000
524288 669.439000
1048576 1330.408000
2097152 2685.706000
4194304 5305.290000
8388608 8015.596000
16777216 16049.554000
33554432 39065.075000
67108864 83958.623000
134217728 149536.276000
268435456 257362.105000
4294967296 0.080000
8589934592 0.070000
17179869184 0.080000
34359738368 0.080000
68719476736 0.080000
137438953472 0.070000
2 0.070000
4 0.090000
8 0.090000
16 0.110000
32 0.120000
64 0.130000
128 0.190000
256 0.300000
512 0.540000
1024 1.000000
2048 1.950000
4096 3.910000
8192 7.620000
16384 15.351000
32768 31.441000
65536 61.982000
131072 139.014000
262144 301.018000
524288 674.088000
1048576 1440.749000
2097152 2680.961000
4194304 4739.586000
8388608 11082.005000
16777216 16122.230000
33554432 32199.678000
67108864 80611.169000
134217728 172891.409000
268435456 338205.717000
4294967296 0.080000
8589934592 0.090000
17179869184 0.070000
34359738368 0.070000
68719476736 0.080000
137438953472 0.080000
2 0.070000
4 0.090000
8 0.090000
16 0.110000
32 0.120000
64 0.130000
128 0.200000
256 0.300000
512 0.540000
1024 1.000000
2048 1.930000
4096 3.910000
8192 7.630000
16384 15.080000
32768 30.240000
65536 60.072000
131072 119.603000
262144 262.717000
524288 496.324000
1048576 985.236000
2097152 2013.524000
4194304 4008.477000
8388608 7980.203000
16777216 18984.286000
33554432 39223.486000
67108864 73983.833000
134217728 128924.397000
268435456 258449.191000
4294967296 0.070000
8589934592 0.070000
17179869184 0.080000
34359738368 0.070000
68719476736 0.080000
137438953472 0.070000
2 0.070000
4 0.080000
8 0.090000
16 0.110000
32 0.110000
64 0.130000
128 0.190000
256 0.300000
512 0.530000
1024 1.000000
2048 1.930000
4096 3.971000
8192 7.750000
16384 15.140000
32768 30.051000
65536 60.122000
131072 119.672000
262144 241.105000
524288 486.651000
1048576 1036.774000
2097152 2003.247000
4194304 4073.876000
8388608 8029.260000
16777216 16013.628000
33554432 43836.436000
67108864 85811.226000
134217728 166040.281000
268435456 315182.472000
4294967296 0.080000
8589934592 0.080000
17179869184 0.080000
34359738368 0.080000
68719476736 0.080000
137438953472 0.080000
2 0.080000
4 0.090000
8 0.100000
16 0.110000
32 0.110000
64 0.140000
128 0.180000
256 0.310000
512 0.540000
1024 1.000000
2048 1.930000
4096 3.910000
8192 7.630000
16384 15.080000
32768 30.011000
65536 59.832000
131072 119.503000
262144 242.036000
524288 553.805000
1048576 994.466000
2097152 2020.533000
4194304 4010.836000
8388608 10818.844000
16777216 16094.014000
33554432 35726.760000
67108864 84003.069000
134217728 173023.369000
268435456 326885.665000
4294967296 0.080000
8589934592 0.080000
17179869184 0.080000
34359738368 0.070000
68719476736 0.080000
137438953472 0.080000
2 0.070000
4 0.080000
8 0.100000
16 0.110000
32 0.120000
64 0.130000
128 0.190000
256 0.300000
512 0.540000
1024 1.000000
2048 1.940000
4096 3.920000
8192 7.640000
16384 15.080000
32768 29.981000
65536 59.792000
131072 119.443000
262144 238.627000
524288 547.074000
1048576 1001.056000
2097152 2003.613000
4194304 4006.596000
8388608 7991.270000
16777216 21676.710000
33554432 41164.032000
67108864 64024.023000
134217728 127956.385000
268435456 255709.334000
4294967296 0.080000
8589934592 0.080000
17179869184 0.080000
34359738368 0.070000
68719476736 0.080000
137438953472 0.080000
2 0.070000
4 0.110000
8 0.120000
16 0.110000
32 0.110000
64 0.130000
128 0.200000
256 0.300000
512 0.530000
1024 1.000000
2048 2.020000
4096 3.920000
8192 7.641000
16384 15.150000
32768 30.011000
65536 60.292000
131072 120.083000
262144 250.577000
524288 482.303000
1048576 1016.827000
2097152 1993.912000
4194304 5251.618000
8388608 8024.112000
16777216 21804.154000
33554432 32321.701000
67108864 84749.220000
134217728 128686.897000
268435456 290853.526000
4294967296 0.080000
8589934592 0.080000
17179869184 0.080000
34359738368 0.100000
68719476736 0.080000
137438953472 0.090000
2 0.070000
4 0.080000
8 0.100000
16 0.110000
32 0.120000
64 0.130000
128 0.190000
256 0.300000
512 0.540000
1024 1.000000
2048 1.930000
4096 3.920000
8192 7.950000
16384 15.171000
32768 31.050000
65536 61.812000
131072 155.104000
262144 311.198000
524288 610.136000
1048576 1272.164000
2097152 2732.352000
4194304 4860.118000
8388608 9724.566000
16777216 21900.517000
33554432 32350.808000
67108864 82420.803000
134217728 160636.973000
268435456 258772.108000
4294967296 0.090000
8589934592 0.080000
17179869184 0.080000
34359738368 0.080000
68719476736 0.080000
137438953472 0.080000
2 0.070000
4 0.090000
8 0.100000
16 0.110000
32 0.110000
64 0.380000
128 0.190000
256 0.310000
512 0.540000
1024 1.010000
2048 1.940000
4096 3.970000
8192 7.691000
16384 15.131000
32768 30.430000
65536 88.053000
131072 165.355000
262144 343.909000
524288 681.938000
1048576 1067.638000
2097152 1997.504000
4194304 3984.467000
8388608 7966.603000
16777216 16159.905000
33554432 34253.012000
67108864 83362.313000
134217728 128644.231000
268435456 300261.567000
