2 0.070000
1024 1.050000
32 0.120000
1024 1.050000
32768 31.711000
8192 7.920000
8192 7.921000
8192 7.920000
4194304 4348.274000
4096 4.001000
262144 253.198000
8388608 8394.717000
8192 7.980000
64 0.130000
256 0.320000
256 0.320000
32768 31.461000
8192 7.980000
2048 2.030000
131072 125.644000
131072 126.574000
512 0.560000
4 0.080000
1048576 1107.204000
262144 264.568000
128 0.190000
4096 4.000000
16384 15.880000
2048 2.050000
1048576 1055.952000
65536 62.852000
2 0.080000
16384 15.881000
262144 253.297000
64 0.130000
4 0.090000
16 0.110000
512 0.570000
2097152 2091.284000
16777216 16782.191000
128 0.190000
131072 126.904000
67108864 67236.358000
32 0.120000
8192 7.920000
524288 537.836000
4194304 4225.758000
4 0.090000
65536 63.352000
8 0.110000
16384 15.880000
67108864 67299.487000
1048576 1028.161000
2 0.080000
65536 63.622000
8388608 8620.138000
131072 126.094000
2 0.080000
67108864 67372.724000
32 0.120000
256 0.320000
512 0.550000
2 0.070000
4 0.090000
8388608 8450.483000
16384 15.890000
8388608 8408.636000
4194304 4210.658000
16 0.100000
4096 3.970000
32 0.110000
4194304 4241.589000
32 0.110000
256 0.320000
2097152 2193.557000
16777216 16748.936000
32768 31.951000
4096 4.030000
2097152 2086.473000
4 0.080000
262144 253.768000
65536 63.332000
16 0.100000
33554432 33629.628000
2 0.080000
131072 126.624000
32768 31.710000
65536 63.371000
262144 285.628000
2048 2.050000
512 0.560000
4096 3.910000
131072 126.673000
8388608 8443.023000
64 0.130000
4096 4.030000
524288 522.446000
33554432 33583.228000
2048 2.040000
16384 15.621000
131072 134.704000
16384 15.760000
8192 7.980000
1024 1.060000
8 0.120000
4096 4.030000
524288 514.165000
8388608 8423.762000
2048 2.020000
256 0.310000
16 0.100000
131072 124.962000
8388608 8347.510000
64 0.120000
262144 247.436000
131072 127.843000
8 0.100000
512 0.550000
8192 7.860000
4 0.090000
4 0.080000
32768 54.971000
64 0.130000
33554432 33154.250000
512 0.550000
128 0.190000
65536 62.914000
32 0.110000
64 0.130000
65536 61.912000
65536 62.183000
67108864 65212.206000
262144 268.476000
64 0.130000
4096 4.030000
16 0.110000
16 0.110000
4 0.080000
8192 8.041000
32 0.110000
65536 79.472000
16777216 16606.353000
67108864 65324.869000
256 0.310000
2097152 2063.763000
4194304 4154.818000
64 0.140000
64 0.130000
32 0.110000
1048576 1028.153000
16384 16.001000
16384 15.631000
524288 486.988000
65536 62.411000
8192 7.921000
4 0.080000
4194304 4101.849000
16777216 16337.906000
16777216 16948.424000
33554432 33391.515000
512 0.550000
131072 147.558000
512 0.550000
16 0.110000
67108864 67709.012000
32768 31.721000
2 0.070000
8192 7.801000
4194304 4153.799000
1048576 1024.113000
262144 249.154000
1048576 1051.108000
32 0.120000
128 0.190000
4194304 4071.248000
524288 510.749000
32768 31.271000
1048576 1035.101000
32768 30.991000
131072 123.973000
131072 124.172000
16 0.110000
1048576 1020.338000
4194304 4153.374000
33554432 32750.204000
262144 257.666000
262144 248.917000
262144 248.463000
65536 62.191000
32 0.120000
2097152 2042.739000
2048 2.010000
32768 31.001000
128 0.190000
524288 510.409000
4 0.090000
65536 62.852000
524288 514.894000
512 0.540000
512 0.570000
16777216 16376.652000
65536 62.374000
131072 123.737000
32 0.110000
64 0.130000
32768 30.991000
524288 521.453000
4194304 4182.546000
256 0.330000
262144 248.576000
524288 522.818000
256 0.320000
4 0.100000
16 0.100000
16 0.110000
131072 123.813000
128 0.190000
262144 259.489000
33554432 33632.541000
1048576 1034.844000
2 0.070000
67108864 65742.557000
128 0.200000
2097152 2055.471000
4194304 4216.734000
65536 81.732000
128 0.210000
4194304 4124.830000
2048 2.000000
8 0.100000
8 0.100000
33554432 33798.586000
262144 256.877000
67108864 66024.738000
32768 30.981000
67108864 65921.720000
2048 2.000000
262144 268.369000
2 0.070000
8 0.100000
16 0.100000
1048576 1007.367000
8192 7.790000
2097152 2127.838000
2 0.070000
16777216 16289.084000
64 0.130000
512 0.560000
32 0.120000
64 0.140000
32768 30.991000
65536 61.891000
524288 523.566000
16384 16.021000
131072 123.966000
1024 1.030000
4096 3.940000
262144 250.255000
8388608 8116.244000
8388608 8511.699000
64 0.130000
16777216 16583.122000
16777216 16328.894000
2097152 2098.990000
32768 30.991000
128 0.180000
8 0.090000
524288 495.066000
2 0.070000
8 0.090000
1024 1.050000
16777216 17008.791000
4 0.080000
8192 7.601000
256 0.320000
524288 508.273000
2048 2.030000
1024 1.041000
512 0.560000
1024 1.040000
32 0.110000
33554432 32648.361000
2097152 2154.556000
16 0.110000
8 0.100000
1024 1.050000
33554432 32677.743000
67108864 65592.085000
65536 63.971000
32768 31.151000
33554432 32722.298000
16777216 16761.039000
8192 7.810000
2097152 2091.925000
2097152 2091.761000
128 0.190000
2048 2.000000
33554432 32930.105000
4096 4.061000
8 0.090000
131072 127.054000
32768 30.990000
1024 1.050000
16384 15.531000
16384 15.491000
2048 2.000000
256 0.310000
16777216 16337.980000
1048576 1005.005000
67108864 67413.607000
262144 272.288000
2097152 2074.736000
1024 1.040000
32 0.110000
128 0.190000
8192 8.041000
4096 3.940000
4 0.090000
1024 1.040000
64 0.130000
16384 16.010000
8388608 8205.784000
4 0.090000
64 0.140000
1048576 1028.193000
1024 1.030000
8 0.090000
8388608 8150.025000
8388608 8215.586000
4096 3.940000
131072 147.938000
32 0.130000
2 0.070000
4 0.080000
8 0.100000
16 0.110000
32 0.110000
64 0.130000
128 0.190000
256 0.300000
512 0.550000
1024 1.040000
2048 2.000000
4096 3.940000
8192 7.800000
16384 15.271000
32768 31.001000
65536 62.144000
131072 124.176000
262144 273.174000
524288 502.464000
1048576 1049.972000
2097152 2065.822000
4194304 4095.773000
8388608 8182.855000
16777216 16409.652000
33554432 32925.580000
67108864 65632.269000
134217728 131517.993000
268435456 263180.402000
4294967296 0.070000
8589934592 0.080000
17179869184 0.080000
34359738368 0.070000
68719476736 0.080000
137438953472 0.080000
2 0.070000
4 0.080000
8 0.100000
16 0.100000
32 0.110000
64 0.130000
128 0.230000
256 0.300000
512 0.550000
1024 1.030000
2048 2.000000
4096 3.930000
8192 7.801000
16384 15.520000
32768 30.981000
65536 61.903000
131072 121.626000
262144 249.962000
524288 512.545000
1048576 1026.141000
2097152 2080.503000
4194304 4156.346000
8388608 8288.800000
16777216 16783.251000
33554432 32839.905000
67108864 65565.206000
134217728 131141.922000
268435456 262040.572000
4294967296 0.070000
8589934592 0.070000
17179869184 0.070000
34359738368 0.070000
68719476736 0.080000
137438953472 0.070000
2 0.060000
4 0.090000
8 0.090000
16 0.100000
32 0.120000
64 0.130000
128 0.190000
256 0.310000
512 0.550000
1024 1.030000
2048 2.000000
4096 3.930000
8192 7.790000
16384 15.521000
32768 31.291000
65536 62.203000
131072 123.946000
262144 247.772000
524288 506.405000
1048576 1012.640000
2097152 2070.703000
4194304 4156.045000
8388608 8370.434000
16777216 16672.895000
33554432 33256.086000
67108864 66019.678000
134217728 131610.415000
268435456 264421.649000
4294967296 0.080000
8589934592 0.080000
17179869184 0.080000
34359738368 0.070000
68719476736 0.080000
137438953472 0.080000
2 0.070000
4 0.080000
8 0.090000
16 0.100000
32 0.110000
64 0.130000
128 0.190000
256 0.310000
512 0.550000
1024 1.030000
2048 1.990000
4096 3.931000
8192 7.800000
16384 15.521000
32768 31.001000
65536 61.913000
131072 124.506000
262144 258.383000
524288 516.086000
1048576 1017.060000
2097152 2068.252000
4194304 4152.706000
8388608 8306.511000
16777216 16384.242000
33554432 32788.614000
67108864 65785.848000
134217728 131056.780000
268435456 263555.573000
4294967296 0.070000
8589934592 0.070000
17179869184 0.080000
34359738368 0.080000
68719476736 0.080000
137438953472 0.070000
2 0.070000
4 0.080000
8 0.100000
16 0.100000
32 0.120000
64 0.130000
128 0.190000
256 0.310000
512 0.560000
1024 1.090000
2048 2.000000
4096 3.930000
8192 7.801000
16384 15.531000
32768 30.992000
65536 60.873000
131072 124.176000
262144 247.312000
524288 516.716000
1048576 1029.411000
2097152 2063.252000
4194304 4157.956000
8388608 8328.382000
16777216 16690.206000
33554432 32686.588000
67108864 65678.690000
134217728 131594.843000
268435456 262345.804000
4294967296 0.080000
8589934592 0.080000
17179869184 0.080000
34359738368 0.080000
68719476736 0.070000
137438953472 0.080000
2 0.080000
4 0.090000
8 0.100000
16 0.110000
32 0.110000
64 0.190000
128 0.180000
256 0.310000
512 0.550000
1024 1.041000
2048 2.000000
4096 3.941000
8192 7.790000
16384 15.521000
32768 30.992000
65536 61.973000
131072 124.006000
262144 247.853000
524288 509.156000
1048576 1034.211000
2097152 2045.871000
4194304 4086.163000
8388608 8235.818000
16777216 16302.658000
33554432 32643.548000
67108864 66055.043000
134217728 131569.008000
268435456 263747.677000
4294967296 0.080000
8589934592 0.080000
17179869184 0.080000
34359738368 0.080000
68719476736 0.110000
137438953472 0.080000
2 0.080000
4 0.080000
8 0.100000
16 0.100000
32 0.110000
64 0.130000
128 0.190000
256 0.310000
512 0.540000
1024 1.040000
2048 2.000000
4096 3.930000
8192 7.671000
16384 15.521000
32768 40.692000
65536 62.173000
131072 124.416000
262144 250.513000
524288 514.385000
1048576 1045.631000
2097152 2079.683000
4194304 4127.995000
8388608 8270.550000
16777216 16420.803000
33554432 32847.938000
67108864 66040.832000
134217728 131890.634000
268435456 263128.256000
4294967296 0.070000
8589934592 0.070000
17179869184 0.080000
34359738368 0.100000
68719476736 0.090000
137438953472 0.070000
2 0.070000
4 0.080000
8 0.090000
16 0.100000
32 0.140000
64 0.120000
128 0.190000
256 0.310000
512 0.550000
1024 1.040000
2048 2.000000
4096 3.940000
8192 7.800000
16384 15.531000
32768 30.461000
65536 62.123000
131072 124.056000
262144 249.092000
524288 497.525000
1048576 1016.390000
2097152 2061.473000
4194304 4140.826000
8388608 8197.907000
16777216 16534.542000
33554432 33061.893000
67108864 66431.821000
134217728 131989.950000
268435456 262973.525000
4294967296 0.080000
8589934592 0.080000
17179869184 0.080000
34359738368 0.070000
68719476736 0.070000
137438953472 0.080000
2 0.070000
4 0.080000
8 0.100000
16 0.100000
32 0.120000
64 0.130000
128 0.190000
256 0.321000
512 0.570000
1024 1.030000
2048 1.991000
4096 3.930000
8192 7.811000
16384 15.541000
32768 31.061000
65536 61.903000
131072 141.217000
262144 248.582000
524288 491.594000
1048576 1013.820000
2097152 2042.792000
4194304 4093.833000
8388608 8174.885000
16777216 16371.190000
33554432 32819.234000
67108864 65606.967000
134217728 131650.206000
268435456 262571.715000
4294967296 0.160000
8589934592 0.070000
17179869184 0.080000
34359738368 0.080000
68719476736 0.080000
137438953472 0.080000
2 0.070000
4 0.090000
8 0.090000
16 0.110000
32 0.110000
64 0.130000
128 0.190000
256 0.310000
512 0.550000
1024 1.040000
2048 2.000000
4096 3.930000
8192 7.800000
16384 15.520000
32768 30.981000
65536 62.283000
131072 124.076000
262144 248.762000
524288 512.035000
1048576 1074.684000
2097152 2069.303000
4194304 4152.267000
8388608 8186.909000
16777216 16375.227000
33554432 32734.233000
67108864 65432.445000
134217728 131877.321000
268435456 262665.977000
4294967296 0.080000
8589934592 0.080000
17179869184 0.070000
34359738368 0.070000
68719476736 0.080000
137438953472 0.080000
2 0.070000
4 0.080000
8 0.100000
16 0.100000
32 0.110000
64 0.130000
128 0.190000
256 0.310000
512 0.550000
1024 1.060000
2048 2.000000
4096 3.940000
8192 7.800000
16384 15.521000
32768 30.482000
65536 61.913000
131072 136.747000
262144 244.082000
524288 500.904000
1048576 1028.030000
2097152 2063.952000
4194304 4197.137000
8388608 8292.040000
16777216 16413.162000
33554432 32696.857000
67108864 65435.267000
134217728 131695.104000
268435456 263178.707000
4294967296 0.070000
8589934592 0.080000
17179869184 0.080000
34359738368 0.080000
68719476736 0.070000
137438953472 0.080000
2 0.070000
4 0.080000
8 0.090000
16 0.110000
32 0.110000
64 0.120000
128 0.190000
256 0.310000
512 0.550000
1024 1.030000
2048 2.000000
4096 3.930000
8192 7.790000
16384 15.511000
32768 30.982000
65536 61.763000
131072 123.906000
262144 253.443000
524288 503.605000
1048576 1024.530000
2097152 2049.442000
4194304 4137.885000
8388608 8188.075000
16777216 16617.001000
33554432 32889.086000
67108864 65761.452000
134217728 132826.959000
268435456 262544.485000
4294967296 0.080000
8589934592 0.090000
17179869184 0.070000
34359738368 0.080000
68719476736 0.070000
137438953472 0.070000
2 0.070000
4 0.080000
8 0.100000
16 0.110000
32 0.110000
64 0.120000
128 0.190000
256 0.310000
512 0.550000
1024 1.040000
2048 2.001000
4096 3.930000
8192 7.790000
16384 15.531000
32768 30.972000
65536 61.923000
131072 123.776000
262144 259.782000
524288 503.365000
1048576 1025.511000
2097152 2040.191000
4194304 4133.774000
8388608 8187.566000
16777216 16425.963000
33554432 32797.424000
67108864 65496.403000
134217728 130765.035000
268435456 262405.122000
4294967296 0.080000
8589934592 0.080000
17179869184 0.080000
34359738368 0.080000
68719476736 0.080000
137438953472 0.080000
2 0.070000
4 0.080000
8 0.090000
16 0.110000
32 0.120000
64 0.130000
128 0.190000
256 0.300000
512 0.550000
1024 1.030000
2048 1.990000
4096 3.940000
8192 7.791000
16384 15.551000
32768 31.002000
65536 61.913000
131072 123.946000
262144 261.593000
524288 497.914000
1048576 1019.950000
2097152 2041.371000
4194304 4131.145000
8388608 8313.442000
16777216 16420.413000
33554432 32753.942000
67108864 65596.159000
134217728 130679.372000
268435456 262309.359000
4294967296 0.080000
8589934592 0.070000
17179869184 0.080000
34359738368 0.070000
68719476736 0.080000
137438953472 0.080000
2 0.070000
4 0.090000
8 0.100000
16 0.100000
32 0.110000
64 0.130000
128 0.190000
256 0.300000
512 0.550000
1024 1.040000
2048 2.000000
4096 3.940000
8192 7.801000
16384 15.520000
32768 30.991000
65536 61.913000
131072 123.836000
262144 259.593000
524288 519.536000
1048576 1045.312000
2097152 2059.662000
4194304 4077.982000
8388608 8146.633000
16777216 16375.951000
33554432 32711.729000
67108864 65838.169000
134217728 131204.796000
268435456 262746.157000
4294967296 0.080000
8589934592 0.070000
17179869184 0.070000
34359738368 0.080000
68719476736 0.080000
137438953472 0.070000
2 0.100000
4 0.080000
8 0.100000
16 0.130000
32 0.130000
64 0.180000
128 0.180000
256 0.310000
512 0.550000
1024 1.030000
2048 2.000000
4096 3.940000
8192 7.800000
16384 15.521000
32768 31.122000
65536 62.073000
131072 124.296000
262144 245.142000
524288 529.186000
1048576 1044.202000
2097152 2038.881000
4194304 4091.113000
8388608 8256.849000
16777216 16349.789000
33554432 32839.425000
67108864 65561.076000
134217728 130830.698000
268435456 261762.571000
4294967296 0.080000
8589934592 0.080000
17179869184 0.080000
34359738368 0.080000
68719476736 0.080000
137438953472 0.080000
2 0.070000
4 0.080000
8 0.100000
16 0.100000
32 0.110000
64 0.130000
128 0.180000
256 0.311000
512 0.550000
1024 1.030000
2048 1.990000
4096 3.930000
8192 7.790000
16384 15.520000
32768 31.092000
65536 62.143000
131072 123.937000
262144 248.383000
524288 500.635000
1048576 1061.733000
2097152 2117.895000
4194304 4144.065000
8388608 8159.044000
16777216 16348.009000
33554432 33132.311000
67108864 65714.384000
134217728 131217.297000
268435456 262603.712000
4294967296 0.080000
8589934592 0.080000
17179869184 0.070000
34359738368 0.080000
68719476736 0.080000
137438953472 0.070000
2 0.070000
4 0.090000
8 0.100000
16 0.100000
32 0.110000
64 0.120000
128 0.180000
256 0.310000
512 0.550000
1024 1.040000
2048 2.000000
4096 3.930000
8192 7.800000
16384 15.531000
32768 30.981000
65536 61.963000
131072 123.866000
262144 253.883000
524288 501.214000
1048576 1068.343000
2097152 2085.924000
4194304 4127.974000
8388608 8166.314000
16777216 16531.968000
33554432 32752.182000
67108864 65834.750000
134217728 131199.467000
268435456 262713.678000
4294967296 0.070000
8589934592 0.080000
17179869184 0.070000
34359738368 0.080000
68719476736 0.080000
137438953472 0.080000
2 0.070000
4 0.110000
8 0.100000
16 0.120000
32 0.120000
64 0.130000
128 0.220000
256 0.310000
512 0.561000
1024 1.060000
2048 2.001000
4096 3.940000
8192 7.811000
16384 15.521000
32768 30.992000
65536 62.364000
131072 124.056000
262144 254.993000
524288 505.985000
1048576 1065.773000
2097152 2044.081000
4194304 4092.882000
8388608 8173.415000
16777216 16618.623000
33554432 32838.776000
67108864 65813.209000
134217728 131071.440000
268435456 262515.118000
4294967296 0.080000
8589934592 0.080000
17179869184 0.080000
34359738368 0.070000
68719476736 0.080000
137438953472 0.080000
2 0.090000
4 0.090000
8 0.100000
16 0.110000
32 0.140000
64 0.130000
128 0.180000
256 0.310000
512 0.550000
1024 1.040000
2048 2.000000
4096 3.920000
8192 7.800000
16384 15.530000
32768 34.332000
65536 62.123000
131072 123.986000
262144 266.533000
524288 511.835000
1048576 1033.881000
2097152 2052.551000
4194304 4067.161000
8388608 8184.685000
16777216 16377.581000
33554432 33000.284000
67108864 65504.634000
134217728 131052.718000
268435456 262146.989000
4294967296 0.070000
8589934592 0.080000
17179869184 0.080000
34359738368 0.080000
68719476736 0.070000
137438953472 0.070000
2 0.070000
4 0.090000
8 0.090000
16 0.100000
32 0.110000
64 0.120000
128 0.190000
256 0.310000
512 0.550000
1024 1.050000
2048 2.010000
4096 3.930000
8192 7.811000
16384 15.531000
32768 31.002000
65536 62.193000
131072 145.937000
262144 248.612000
524288 516.346000
1048576 1030.531000
2097152 2065.342000
4194304 4119.374000
8388608 8179.695000
16777216 16322.509000
33554432 32680.869000
67108864 65845.881000
134217728 130927.644000
268435456 262084.139000
4294967296 0.080000
8589934592 0.070000
17179869184 0.080000
34359738368 0.070000
68719476736 0.090000
137438953472 0.070000
2 0.070000
4 0.110000
8 0.100000
16 0.100000
32 0.110000
64 0.130000
128 0.190000
256 0.310000
512 0.550000
1024 1.030000
2048 2.000000
4096 3.930000
8192 7.800000
16384 15.530000
32768 31.001000
65536 70.733000
131072 124.227000
262144 257.373000
524288 509.736000
1048576 1082.434000
2097152 2036.451000
4194304 4121.095000
8388608 8184.305000
16777216 16450.125000
33554432 32702.390000
67108864 65404.829000
134217728 131297.192000
268435456 262585.764000
4294967296 0.080000
8589934592 0.080000
17179869184 0.080000
34359738368 0.080000
68719476736 0.080000
137438953472 0.080000
2 0.070000
4 0.080000
8 0.110000
16 0.110000
32 0.120000
64 0.180000
128 0.200000
256 0.320000
512 0.560000
1024 1.040000
2048 2.011000
4096 3.940000
8192 7.800000
16384 15.541000
32768 30.981000
65536 61.933000
131072 124.157000
262144 247.873000
524288 514.905000
1048576 1033.251000
2097152 2078.083000
4194304 4216.529000
8388608 8292.811000
16777216 16506.377000
33554432 32716.529000
67108864 65659.519000
134217728 131629.753000
268435456 263236.656000
4294967296 0.080000
8589934592 0.070000
17179869184 0.080000
34359738368 0.080000
68719476736 0.080000
137438953472 0.080000
2 0.070000
4 0.081000
8 0.100000
16 0.100000
32 0.110000
64 0.130000
128 0.190000
256 0.310000
512 0.550000
1024 1.030000
2048 2.000000
4096 3.940000
8192 7.801000
16384 15.511000
32768 48.932000
65536 85.264000
131072 123.707000
262144 267.803000
524288 511.016000
1048576 1030.551000
2097152 2092.563000
4194304 4093.022000
8388608 8208.996000
16777216 16403.271000
33554432 33119.128000
67108864 66179.083000
134217728 131765.767000
268435456 263519.983000
4294967296 0.080000
8589934592 0.080000
17179869184 0.080000
34359738368 0.090000
68719476736 0.070000
137438953472 0.070000
2 0.080000
4 0.080000
8 0.100000
16 0.100000
32 0.110000
64 0.130000
128 0.190000
256 0.310000
512 0.540000
1024 1.030000
2048 2.000000
4096 3.940000
8192 7.811000
16384 15.521000
32768 30.992000
65536 61.903000
131072 123.726000
262144 248.872000
524288 515.396000
1048576 1095.274000
2097152 2085.964000
4194304 4209.458000
8388608 8242.027000
16777216 16669.065000
33554432 32759.381000
67108864 66042.467000
134217728 131615.861000
268435456 262442.963000
4294967296 0.080000
8589934592 0.100000
17179869184 0.080000
34359738368 0.080000
68719476736 0.080000
137438953472 0.070000
2 0.070000
4 0.090000
8 0.100000
16 0.100000
32 0.110000
64 0.130000
128 0.180000
256 0.310000
512 0.551000
1024 1.030000
2048 2.000000
4096 3.940000
8192 7.800000
16384 15.771000
32768 31.002000
65536 60.883000
131072 123.696000
262144 249.592000
524288 541.276000
1048576 1020.371000
2097152 2095.464000
4194304 4132.545000
8388608 8247.758000
16777216 16376.590000
33554432 32707.228000
67108864 65696.033000
134217728 131795.686000
268435456 262351.170000
4294967296 0.070000
8589934592 0.080000
17179869184 0.080000
34359738368 0.070000
68719476736 0.080000
137438953472 0.070000
2 0.070000
4 0.080000
8 0.090000
16 0.110000
32 0.110000
64 0.130000
128 0.190000
256 0.310000
512 0.550000
1024 1.040000
2048 2.000000
4096 3.930000
8192 7.791000
16384 15.520000
32768 31.011000
65536 62.143000
131072 124.507000
262144 262.593000
524288 519.656000
1048576 1079.614000
2097152 2087.033000
4194304 4131.115000
8388608 8204.476000
16777216 16393.111000
33554432 32783.204000
67108864 65574.427000
134217728 130956.194000
268435456 262834.372000
4294967296 0.080000
8589934592 0.080000
17179869184 0.080000
34359738368 0.070000
68719476736 0.080000
137438953472 0.080000
2 0.070000
4 0.080000
8 0.100000
16 0.110000
32 0.110000
64 0.130000
128 0.190000
256 0.300000
512 0.560000
1024 1.030000
2048 2.000000
4096 3.940000
8192 7.791000
16384 15.521000
32768 31.012000
65536 86.264000
131072 124.016000
262144 249.382000
524288 503.525000
1048576 1033.932000
2097152 2086.454000
4194304 4159.396000
8388608 8219.807000
16777216 16402.942000
33554432 32749.841000
67108864 65356.366000
134217728 131074.690000
268435456 262476.421000
4294967296 0.080000
8589934592 0.070000
17179869184 0.080000
34359738368 0.080000
68719476736 0.070000
137438953472 0.080000
2 0.080000
4 0.080000
8 0.100000
16 0.110000
32 0.140000
64 0.130000
128 0.190000
256 0.310000
512 0.550000
1024 1.030000
2048 2.000000
4096 3.930000
8192 7.800000
16384 15.520000
32768 30.982000
65536 61.933000
131072 124.826000
262144 248.872000
524288 537.077000
1048576 1031.421000
2097152 2070.833000
4194304 4084.592000
8388608 8166.004000
16777216 16362.290000
33554432 32700.829000
67108864 65452.830000
134217728 131014.635000
268435456 262240.184000
4294967296 0.080000
8589934592 0.070000
17179869184 0.080000
34359738368 0.080000
68719476736 0.070000
137438953472 0.080000
2 0.070000
4 0.090000
8 0.090000
16 0.090000
32 0.110000
64 0.120000
128 0.180000
256 0.310000
512 0.550000
1024 1.030000
2048 2.000000
4096 3.940000
8192 7.801000
16384 15.521000
32768 31.002000
65536 61.903000
131072 139.817000
262144 265.473000
524288 488.404000
1048576 1054.542000
2097152 2089.363000
4194304 4119.574000
8388608 8244.458000
16777216 16513.476000
33554432 32667.247000
67108864 65350.603000
134217728 131820.892000
268435456 261730.448000
4294967296 0.070000
8589934592 0.070000
17179869184 0.070000
34359738368 0.080000
68719476736 0.070000
137438953472 0.080000
2 0.070000
4 0.080000
8 0.090000
16 0.110000
32 0.110000
64 0.130000
128 0.190000
256 0.310000
512 0.550000
1024 1.041000
2048 2.001000
4096 3.940000
8192 7.801000
16384 15.531000
32768 30.992000
65536 61.903000
131072 123.946000
262144 248.002000
524288 498.265000
1048576 1018.900000
2097152 2080.753000
4194304 4137.225000
8388608 8290.310000
16777216 16392.541000
33554432 32814.613000
67108864 65421.756000
134217728 131362.358000
268435456 262991.880000
4294967296 0.090000
8589934592 0.100000
17179869184 0.110000
34359738368 0.110000
68719476736 0.100000
137438953472 0.100000
2 0.100000
4 0.110000
8 0.110000
16 0.150000
32 0.140000
64 0.170000
128 0.240000
256 0.360000
512 0.610000
1024 1.030000
2048 2.040000
4096 3.930000
8192 7.801000
16384 15.770000
32768 31.001000
65536 61.893000
131072 124.656000
262144 248.292000
524288 496.835000
1048576 1024.411000
2097152 2061.882000
4194304 4097.463000
8388608 8268.169000
16777216 16472.216000
33554432 32841.126000
67108864 65696.282000
134217728 131372.143000
268435456 263969.215000
4294967296 0.080000
8589934592 0.070000
17179869184 0.080000
34359738368 0.080000
68719476736 0.080000
137438953472 0.070000
2 0.070000
4 0.080000
8 0.100000
16 0.110000
32 0.120000
64 0.130000
128 0.190000
256 0.300000
512 0.550000
1024 1.030000
2048 2.010000
4096 3.930000
8192 7.800000
16384 15.521000
32768 30.991000
65536 61.903000
131072 136.277000
262144 271.073000
524288 502.345000
1048576 1047.052000
2097152 2074.423000
4194304 4197.508000
8388608 8151.304000
16777216 16508.387000
33554432 32667.327000
67108864 65272.551000
134217728 130797.434000
268435456 262787.726000
4294967296 0.080000
8589934592 0.070000
17179869184 0.070000
34359738368 0.070000
68719476736 0.070000
137438953472 0.080000
2 0.070000
4 0.080000
8 0.110000
16 0.100000
32 0.120000
64 0.130000
128 0.190000
256 0.310000
512 0.550000
1024 1.030000
2048 2.000000
4096 3.930000
8192 7.790000
16384 15.521000
32768 30.982000
65536 60.903000
131072 123.697000
262144 261.043000
524288 496.764000
1048576 1042.692000
2097152 2093.294000
4194304 4083.803000
8388608 8315.812000
16777216 16321.278000
33554432 32540.471000
67108864 65393.227000
134217728 131152.433000
268435456 261942.097000
4294967296 0.080000
8589934592 0.070000
17179869184 0.070000
34359738368 0.080000
68719476736 0.080000
137438953472 0.080000
2 0.070000
4 0.080000
8 0.100000
16 0.120000
32 0.110000
64 0.150000
128 0.180000
256 0.300000
512 0.560000
1024 1.030000
2048 2.010000
4096 3.930000
8192 7.790000
16384 15.521000
32768 30.792000
65536 61.903000
131072 123.796000
262144 259.013000
524288 523.756000
1048576 1018.511000
2097152 2056.262000
4194304 4159.245000
8388608 8180.405000
16777216 16356.320000
33554432 32775.713000
67108864 65517.513000
134217728 131123.072000
268435456 263425.421000
4294967296 0.080000
8589934592 0.070000
17179869184 0.080000
34359738368 0.070000
68719476736 0.080000
137438953472 0.080000
2 0.070000
4 0.080000
8 0.090000
16 0.100000
32 0.110000
64 0.130000
128 0.230000
256 0.310000
512 0.550000
1024 1.030000
2048 2.000000
4096 3.940000
8192 7.801000
16384 15.521000
32768 30.842000
65536 61.893000
131072 123.986000
262144 248.322000
524288 528.996000
1048576 1041.162000
2097152 2087.583000
4194304 4148.286000
8388608 8290.731000
16777216 16446.075000
33554432 32745.593000
67108864 65766.409000
134217728 131319.568000
268435456 263867.957000
4294967296 0.080000
8589934592 0.080000
17179869184 0.080000
34359738368 0.080000
68719476736 0.090000
137438953472 0.070000
2 0.070000
4 0.080000
8 0.100000
16 0.180000
32 0.110000
64 0.130000
128 0.180000
256 0.310000
512 0.550000
1024 1.030000
2048 2.000000
4096 3.930000
8192 7.790000
16384 15.521000
32768 30.991000
65536 61.913000
131072 140.747000
262144 263.343000
524288 498.035000
1048576 1048.012000
2097152 2077.414000
4194304 4142.475000
8388608 8190.606000
16777216 16339.869000
33554432 32792.966000
67108864 65713.686000
134217728 131027.563000
268435456 263616.245000
4294967296 0.070000
8589934592 0.080000
17179869184 0.070000
34359738368 0.080000
68719476736 0.080000
137438953472 0.090000
2 0.070000
4 0.080000
8 0.090000
16 0.100000
32 0.110000
64 0.120000
128 0.180000
256 0.340000
512 0.590000
1024 1.030000
2048 2.010000
4096 4.100000
8192 7.800000
16384 15.521000
32768 31.201000
65536 83.624000
131072 124.167000
262144 248.642000
524288 504.215000
1048576 1025.540000
2097152 2083.393000
4194304 4201.088000
8388608 8155.504000
16777216 16409.033000
33554432 32857.969000
67108864 65503.806000
134217728 131047.354000
268435456 262572.971000
4294967296 0.110000
8589934592 0.080000
17179869184 0.070000
34359738368 0.100000
68719476736 0.080000
137438953472 0.080000
2 0.080000
4 0.130000
8 0.130000
16 0.120000
32 0.140000
64 0.180000
128 0.220000
256 0.350000
512 0.550000
1024 1.060000
2048 2.000000
4096 3.940000
8192 7.811000
16384 15.531000
32768 33.932000
65536 61.913000
131072 124.196000
262144 253.472000
524288 508.555000
1048576 1039.572000
2097152 2105.165000
4194304 4154.415000
8388608 8197.906000
16777216 16531.789000
33554432 32767.562000
67108864 65680.403000
134217728 131265.330000
268435456 263570.163000
4294967296 0.070000
8589934592 0.080000
17179869184 0.110000
34359738368 0.090000
68719476736 0.090000
137438953472 0.070000
2 0.080000
4 0.090000
8 0.090000
16 0.120000
32 0.110000
64 0.170000
128 0.220000
256 0.340000
512 0.600000
1024 1.210000
2048 2.020000
4096 3.930000
8192 7.900000
16384 15.521000
32768 31.002000
65536 61.913000
131072 123.976000
262144 247.762000
524288 498.335000
1048576 1040.952000
2097152 2051.192000
4194304 4093.353000
8388608 8297.681000
16777216 16409.153000
33554432 32749.022000
67108864 65996.538000
134217728 131298.862000
268435456 262629.188000
4294967296 0.090000
8589934592 0.090000
17179869184 0.110000
34359738368 0.110000
68719476736 0.100000
137438953472 0.080000
2 0.140000
4 0.110000
8 0.110000
16 0.100000
32 0.180000
64 0.130000
128 0.190000
256 0.311000
512 0.550000
1024 1.030000
2048 1.991000
4096 3.940000
8192 7.801000
16384 15.531000
32768 31.012000
65536 77.204000
131072 123.886000
262144 248.472000
524288 536.596000
1048576 1037.681000
2097152 2078.743000
4194304 4089.453000
8388608 8201.246000
16777216 16423.933000
33554432 32766.183000
67108864 66122.495000
134217728 130618.519000
268435456 263336.232000
4294967296 0.080000
8589934592 0.080000
17179869184 0.080000
34359738368 0.070000
68719476736 0.080000
137438953472 0.080000
2 0.070000
4 0.080000
8 0.100000
16 0.110000
32 0.110000
64 0.130000
128 0.190000
256 0.320000
512 0.550000
1024 1.030000
2048 1.990000
4096 3.930000
8192 7.791000
16384 15.521000
32768 30.981000
65536 60.863000
131072 123.976000
262144 243.892000
524288 497.505000
1048576 1030.412000
2097152 2083.524000
4194304 4118.174000
8388608 8204.928000
16777216 16374.684000
33554432 32801.841000
67108864 65859.404000
134217728 131360.560000
268435456 262797.863000
4294967296 0.100000
8589934592 0.070000
17179869184 0.090000
34359738368 0.070000
68719476736 0.080000
137438953472 0.080000
2 0.070000
4 0.090000
8 0.100000
16 0.100000
32 0.120000
64 0.120000
128 0.190000
256 0.310000
512 0.550000
1024 1.040000
2048 2.000000
4096 3.931000
8192 7.790000
16384 15.521000
32768 30.991000
65536 62.173000
131072 123.716000
262144 255.803000
524288 498.585000
1048576 1046.152000
2097152 2054.351000
4194304 4112.574000
8388608 8150.463000
16777216 16426.743000
33554432 32781.484000
67108864 66093.743000
134217728 130925.044000
268435456 262101.710000
4294967296 0.090000
8589934592 0.080000
17179869184 0.080000
34359738368 0.070000
68719476736 0.070000
137438953472 0.080000
2 0.080000
4 0.080000
8 0.100000
16 0.120000
32 0.110000
64 0.130000
128 0.190000
256 0.310000
512 0.550000
1024 1.040000
2048 1.991000
4096 4.910000
8192 7.800000
16384 15.541000
32768 31.001000
65536 80.233000
131072 124.166000
262144 260.913000
524288 514.996000
1048576 1026.701000
2097152 2093.063000
4194304 4088.093000
8388608 8197.696000
16777216 16404.572000
33554432 32828.146000
67108864 66494.163000
134217728 131223.228000
268435456 262468.648000
4294967296 0.080000
8589934592 0.080000
17179869184 0.080000
34359738368 0.080000
68719476736 0.080000
137438953472 0.080000
2 0.080000
4 0.080000
8 0.100000
16 0.110000
32 0.110000
64 0.130000
128 0.450000
256 0.310000
512 0.550000
1024 1.060000
2048 2.000000
4096 3.930000
8192 7.800000
16384 15.540000
32768 30.991000
65536 86.064000
131072 123.916000
262144 263.083000
524288 517.195000
1048576 1031.071000
2097152 2088.564000
4194304 4083.952000
8388608 8343.413000
16777216 16432.493000
33554432 32761.492000
67108864 66950.925000
134217728 130823.958000
268435456 262151.470000
4294967296 0.080000
8589934592 0.060000
17179869184 0.070000
34359738368 0.070000
68719476736 0.080000
137438953472 0.080000
2 0.070000
4 0.080000
8 0.100000
16 0.110000
32 0.110000
64 0.120000
128 0.190000
256 0.310000
512 0.570000
1024 1.040000
2048 2.001000
4096 3.931000
8192 7.801000
16384 15.541000
32768 31.001000
65536 61.973000
131072 124.426000
262144 261.313000
524288 520.466000
1048576 1027.421000
2097152 2068.232000
4194304 4095.083000
8388608 8178.975000
16777216 16355.249000
33554432 32818.415000
67108864 66016.609000
134217728 131403.796000
268435456 262618.542000
2 0.070000
4 0.080000
8 0.100000
16 0.100000
32 0.110000
64 0.120000
128 0.180000
256 0.310000
512 0.560000
1024 1.040000
2048 2.000000
4096 3.930000
8192 7.790000
16384 15.510000
32768 30.981000
65536 61.902000
131072 123.793000
262144 247.807000
524288 495.014000
1048576 1012.858000
2097152 2053.585000
4194304 4066.709000
8388608 8244.641000
16777216 16284.396000
33554432 32630.854000
67108864 65227.697000
134217728 130180.716000
268435456 260543.188000
4294967296 0.090000
8589934592 0.080000
17179869184 0.080000
34359738368 0.070000
68719476736 0.070000
137438953472 0.090000
2 0.100000
4 0.090000
8 0.120000
16 0.100000
32 0.110000
64 0.130000
128 0.190000
256 0.310000
512 0.551000
1024 1.040000
2048 1.990000
4096 4.250000
8192 7.790000
16384 15.521000
32768 30.990000
65536 62.181000
131072 138.733000
262144 260.847000
524288 511.074000
1048576 1032.848000
2097152 2057.775000
4194304 4086.380000
8388608 8148.048000
16777216 16358.027000
33554432 32696.194000
67108864 65463.539000
134217728 130413.525000
268435456 261139.750000
4294967296 0.070000
8589934592 0.080000
17179869184 0.080000
34359738368 0.070000
68719476736 0.080000
137438953472 0.070000
2 0.070000
4 0.080000
8 0.100000
16 0.100000
32 0.120000
64 0.130000
128 0.190000
256 0.310000
512 0.560000
1024 1.030000
2048 2.000000
4096 3.930000
8192 7.790000
16384 15.520000
32768 30.991000
65536 64.892000
131072 123.804000
262144 258.187000
524288 513.503000
1048576 1019.617000
2097152 2053.355000
4194304 4107.800000
8388608 8165.769000
16777216 16224.394000
33554432 32643.274000
67108864 65211.045000
134217728 130168.384000
268435456 260458.651000
4294967296 0.080000
8589934592 0.100000
17179869184 0.070000
34359738368 0.100000
68719476736 0.080000
137438953472 0.070000
2 0.070000
4 0.090000
8 0.090000
16 0.100000
32 0.110000
64 0.120000
128 0.190000
256 0.310000
512 0.551000
1024 1.040000
2048 2.000000
4096 3.941000
8192 7.800000
16384 15.530000
32768 30.991000
65536 61.952000
131072 124.124000
262144 256.367000
524288 494.783000
1048576 1032.598000
2097152 2048.005000
4194304 4125.541000
8388608 8119.307000
16777216 16239.805000
33554432 32851.640000
67108864 65155.985000
134217728 130760.042000
268435456 260911.298000
4294967296 0.070000
8589934592 0.080000
17179869184 0.070000
34359738368 0.080000
68719476736 0.080000
137438953472 0.070000
2 0.070000
4 0.090000
8 0.100000
16 0.110000
32 0.120000
64 0.160000
128 0.180000
256 0.310000
512 0.550000
1024 1.030000
2048 2.000000
4096 3.931000
8192 7.800000
16384 15.521000
32768 31.001000
65536 61.902000
131072 123.733000
262144 257.317000
524288 495.453000
1048576 1056.768000
2097152 2034.684000
4194304 4130.790000
8388608 8132.868000
16777216 16409.370000
33554432 32492.760000
67108864 65101.843000
134217728 130441.154000
268435456 260750.883000
4294967296 0.080000
8589934592 0.070000
17179869184 0.080000
34359738368 0.070000
68719476736 0.090000
137438953472 0.070000
2 0.070000
4 0.090000
8 0.090000
16 0.110000
32 0.120000
64 0.130000
128 0.180000
256 0.310000
512 0.550000
1024 1.040000
2048 2.000000
4096 3.940000
8192 7.810000
16384 15.521000
32768 30.981000
65536 61.982000
131072 124.264000
262144 254.897000
524288 519.184000
1048576 1016.507000
2097152 2034.704000
4194304 4119.421000
8388608 8247.801000
16777216 16233.625000
33554432 32483.890000
67108864 65116.414000
134217728 130419.493000
268435456 260833.586000
4294967296 0.090000
8589934592 0.080000
17179869184 0.100000
34359738368 0.080000
68719476736 0.070000
137438953472 0.080000
2 0.070000
4 0.090000
8 0.090000
16 0.110000
32 0.110000
64 0.120000
128 0.230000
256 0.310000
512 0.540000
1024 1.040000
2048 2.000000
4096 3.930000
8192 7.800000
16384 15.530000
32768 31.001000
65536 62.222000
131072 123.993000
262144 249.256000
524288 516.164000
1048576 1015.707000
2097152 2045.404000
4194304 4051.468000
8388608 8130.948000
16777216 16234.125000
33554432 32519.731000
67108864 65184.196000
134217728 130774.740000
268435456 260866.632000
4294967296 0.090000
8589934592 0.080000
17179869184 0.080000
34359738368 0.080000
68719476736 0.070000
137438953472 0.070000
2 0.070000
4 0.090000
8 0.100000
16 0.110000
32 0.120000
64 0.120000
128 0.190000
256 0.310000
512 0.550000
1024 1.040000
2048 2.010000
4096 3.930000
8192 7.800000
16384 15.541000
32768 30.331000
65536 61.912000
131072 123.773000
262144 248.537000
524288 504.154000
1048576 1029.187000
2097152 2052.975000
4194304 4090.599000
8388608 8135.218000
16777216 16265.395000
33554432 32560.731000
67108864 65385.561000
134217728 130531.053000
268435456 260556.781000
4294967296 0.080000
8589934592 0.080000
17179869184 0.080000
34359738368 0.080000
68719476736 0.080000
137438953472 0.080000
2 0.070000
4 0.080000
8 0.100000
16 0.110000
32 0.110000
64 0.130000
128 0.190000
256 0.310000
512 0.550000
1024 1.030000
2048 2.000000
4096 3.930000
8192 7.800000
16384 15.520000
32768 30.991000
65536 61.922000
131072 134.503000
262144 247.706000
524288 498.803000
1048576 1002.476000
2097152 2091.776000
4194304 4092.139000
8388608 8174.049000
16777216 16370.639000
33554432 32463.349000
67108864 65293.817000
134217728 130114.381000
268435456 261228.112000
4294967296 0.080000
8589934592 0.070000
17179869184 0.080000
34359738368 0.070000
68719476736 0.080000
137438953472 0.070000
2 0.070000
4 0.080000
8 0.100000
16 0.110000
32 0.110000
64 0.170000
128 0.310000
256 0.300000
512 0.560000
1024 1.040000
2048 2.010000
4096 3.940000
8192 7.790000
16384 15.530000
32768 31.231000
65536 61.892000
131072 124.163000
262144 256.667000
524288 496.343000
1048576 1015.897000
2097152 2061.844000
4194304 4071.877000
8388608 8119.284000
16777216 16503.776000
33554432 32616.600000
67108864 65361.605000
134217728 130192.265000
268435456 261972.365000
4294967296 0.080000
8589934592 0.080000
17179869184 0.080000
34359738368 0.070000
68719476736 0.080000
137438953472 0.080000
2 0.080000
4 0.090000
8 0.100000
16 0.110000
32 0.120000
64 0.170000
128 0.190000
256 0.310000
512 0.560000
1024 1.030000
2048 2.000000
4096 3.930000
8192 7.790000
16384 15.531000
32768 31.011000
65536 62.172000
131072 123.813000
262144 249.357000
524288 510.744000
1048576 1025.107000
2097152 2054.825000
4194304 4052.368000
8388608 8165.958000
16777216 16532.441000
33554432 32626.381000
67108864 65513.599000
134217728 130268.307000
268435456 261158.241000
4294967296 0.080000
8589934592 0.080000
17179869184 0.080000
34359738368 0.080000
68719476736 0.070000
137438953472 0.080000
2 0.070000
4 0.080000
8 0.100000
16 0.100000
32 0.140000
64 0.130000
128 0.230000
256 0.310000
512 0.550000
1024 1.030000
2048 2.100000
4096 3.951000
8192 7.800000
16384 15.531000
32768 31.001000
65536 62.112000
131072 123.763000
262144 249.286000
524288 496.903000
1048576 1017.847000
2097152 2073.985000
4194304 4089.089000
8388608 8133.637000
16777216 16528.281000
33554432 32536.848000
67108864 65089.147000
134217728 130580.596000
268435456 260896.384000
4294967296 0.070000
8589934592 0.070000
17179869184 0.070000
34359738368 0.070000
68719476736 0.080000
137438953472 0.080000
2 0.070000
4 0.080000
8 0.100000
16 0.110000
32 0.110000
64 0.130000
128 0.190000
256 0.310000
512 0.550000
1024 1.040000
2048 2.010000
4096 3.940000
8192 7.800000
16384 15.520000
32768 30.980000
65536 61.962000
131072 129.063000
262144 266.607000
524288 505.073000
1048576 1023.618000
2097152 2049.015000
4194304 4171.482000
8388608 8173.848000
16777216 16344.447000
33554432 32541.779000
67108864 65213.023000
134217728 130395.175000
268435456 260911.653000
4294967296 0.080000
8589934592 0.080000
17179869184 0.080000
34359738368 0.080000
68719476736 0.080000
137438953472 0.080000
2 0.070000
4 0.090000
8 0.090000
16 0.110000
32 0.110000
64 0.140000
128 0.180000
256 0.310000
512 0.560000
1024 1.040000
2048 2.000000
4096 3.940000
8192 7.790000
16384 15.530000
32768 31.000000
65536 61.902000
131072 123.984000
262144 252.717000
524288 495.443000
1048576 1033.738000
2097152 2057.216000
4194304 4095.060000
8388608 8196.461000
16777216 16262.518000
33554432 32751.882000
67108864 65185.266000
134217728 130378.511000
268435456 260725.531000
2 0.070000
4 0.090000
8 0.100000
16 0.100000
32 0.140000
64 0.130000
128 0.210000
256 0.310000
512 0.550000
1024 1.030000
2048 2.000000
4096 3.930000
8192 7.801000
16384 15.521000
32768 30.991000
65536 61.952000
131072 124.193000
262144 247.957000
524288 495.553000
1048576 1008.717000
2097152 2066.104000
4194304 4084.648000
8388608 8179.527000
16777216 16222.680000
33554432 32607.704000
67108864 65099.594000
134217728 130351.083000
268435456 261246.751000
4294967296 0.080000
8589934592 0.070000
17179869184 0.080000
34359738368 0.090000
68719476736 0.070000
137438953472 0.070000
2 0.070000
4 0.080000
8 0.110000
16 0.100000
32 0.120000
64 0.140000
128 0.190000
256 0.310000
512 0.550000
1024 1.040000
2048 2.000000
4096 3.940000
8192 7.810000
16384 15.531000
32768 30.991000
65536 61.932000
131072 123.793000
262144 247.557000
524288 496.793000
1048576 1003.177000
2097152 2086.916000
4194304 4106.629000
8388608 8257.229000
16777216 16229.540000
33554432 32593.724000
67108864 64991.092000
134217728 131033.213000
268435456 260863.304000
4294967296 0.070000
8589934592 0.080000
17179869184 0.070000
34359738368 0.080000
68719476736 0.070000
137438953472 0.110000
2 0.080000
4 0.080000
8 0.120000
16 0.100000
32 0.110000
64 0.200000
128 0.190000
256 0.310000
512 0.570000
1024 1.040000
2048 2.090000
4096 3.940000
8192 7.801000
16384 15.530000
32768 30.481000
65536 61.892000
131072 124.153000
262144 253.767000
524288 495.573000
1048576 1011.408000
2097152 2065.265000
4194304 4175.272000
8388608 8142.819000
16777216 16274.388000
33554432 32568.606000
67108864 65007.268000
134217728 130137.749000
268435456 261030.765000
4294967296 0.070000
8589934592 0.080000
17179869184 0.080000
34359738368 0.070000
68719476736 0.140000
137438953472 0.070000
2 0.070000
4 0.090000
8 0.110000
16 0.110000
32 0.120000
64 0.130000
128 0.190000
256 0.310000
512 0.550000
1024 1.031000
2048 2.000000
4096 3.930000
8192 7.800000
16384 15.510000
32768 30.981000
65536 61.922000
131072 123.773000
262144 248.447000
524288 495.443000
1048576 1013.557000
2097152 2039.424000
4194304 4149.210000
8388608 8166.277000
16777216 16366.285000
33554432 32561.805000
67108864 65242.333000
134217728 130543.498000
268435456 261020.965000
4294967296 0.070000
8589934592 0.070000
17179869184 0.070000
34359738368 0.080000
68719476736 0.080000
137438953472 0.080000
2 0.070000
4 0.080000
8 0.100000
16 0.100000
32 0.120000
64 0.130000
128 0.180000
256 0.310000
512 0.550000
1024 1.040000
2048 2.000000
4096 3.941000
8192 7.800000
16384 15.530000
32768 31.001000
65536 61.902000
131072 132.574000
262144 247.276000
524288 512.083000
1048576 1016.857000
2097152 2052.835000
4194304 4149.010000
8388608 8310.371000
16777216 16296.983000
33554432 32760.170000
67108864 65274.674000
134217728 130435.255000
268435456 261104.437000
4294967296 0.080000
8589934592 0.080000
17179869184 0.100000
34359738368 0.080000
68719476736 0.070000
137438953472 0.080000
2 0.080000
4 0.090000
8 0.110000
16 0.110000
32 0.120000
64 0.130000
128 0.220000
256 0.310000
512 0.550000
1024 1.030000
2048 2.000000
4096 3.930000
8192 7.800000
16384 15.521000
32768 31.001000
65536 61.902000
131072 124.233000
262144 249.206000
524288 503.443000
1048576 1031.137000
2097152 2056.045000
4194304 4059.767000
8388608 8132.196000
16777216 16315.274000
33554432 32601.586000
67108864 65658.204000
134217728 130422.135000
268435456 260825.790000
4294967296 0.070000
8589934592 0.080000
17179869184 0.080000
34359738368 0.080000
68719476736 0.070000
137438953472 0.070000
2 0.080000
4 0.080000
8 0.090000
16 0.100000
32 0.110000
64 0.130000
128 0.190000
256 0.310000
512 0.550000
1024 1.030000
2048 2.000000
4096 3.940000
8192 7.800000
16384 15.540000
32768 31.001000
65536 62.112000
131072 123.043000
262144 253.227000
524288 513.034000
1048576 1006.557000
2097152 2094.296000
4194304 4059.158000
8388608 8135.246000
16777216 16338.245000
33554432 32537.315000
67108864 65224.655000
134217728 130351.687000
268435456 260925.380000
4294967296 0.080000
8589934592 0.080000
17179869184 0.070000
34359738368 0.080000
68719476736 0.080000
137438953472 0.080000
2 0.070000
4 0.090000
8 0.090000
16 0.110000
32 0.110000
64 0.120000
128 0.180000
256 0.310000
512 0.560000
1024 1.030000
2048 2.000000
4096 3.930000
8192 7.800000
16384 15.520000
32768 31.241000
65536 61.932000
131072 143.854000
262144 247.677000
524288 513.585000
1048576 1008.700000
2097152 2047.890000
4194304 4102.271000
8388608 8152.821000
16777216 16243.661000
33554432 32559.535000
67108864 64999.136000
134217728 130343.482000
268435456 260799.597000
4294967296 0.080000
8589934592 0.080000
17179869184 0.080000
34359738368 0.070000
68719476736 0.080000
137438953472 0.080000
2 0.070000
4 0.080000
8 0.100000
16 0.110000
32 0.110000
64 0.130000
128 0.260000
256 0.320000
512 0.560000
1024 1.060000
2048 2.000000
4096 3.930000
8192 7.880000
16384 15.521000
32768 30.471000
65536 62.172000
131072 124.233000
262144 247.396000
524288 496.664000
1048576 1026.188000
2097152 2032.954000
4194304 4143.081000
8388608 8125.657000
16777216 16397.269000
33554432 32786.406000
67108864 65151.741000
134217728 130604.490000
268435456 261090.136000
4294967296 0.080000
8589934592 0.070000
17179869184 0.070000
34359738368 0.080000
68719476736 0.080000
137438953472 0.080000
2 0.070000
4 0.090000
8 0.100000
16 0.100000
32 0.110000
64 0.130000
128 0.190000
256 0.310000
512 0.560000
1024 1.040000
2048 2.000000
4096 3.931000
8192 7.791000
16384 15.521000
32768 30.991000
65536 61.901000
131072 150.674000
262144 259.057000
524288 517.614000
1048576 1030.317000
2097152 2071.865000
4194304 4070.728000
8388608 8124.127000
16777216 16225.444000
33554432 32525.690000
67108864 65240.696000
134217728 130288.167000
268435456 260717.028000
4294967296 0.080000
8589934592 0.070000
17179869184 0.080000
34359738368 0.080000
68719476736 0.080000
137438953472 0.080000
2 0.070000
4 0.080000
8 0.110000
16 0.110000
32 0.120000
64 0.170000
128 0.180000
256 0.310000
512 0.550000
1024 1.040000
2048 2.000000
4096 3.930000
8192 7.820000
16384 15.510000
32768 31.230000
65536 61.892000
131072 124.363000
262144 247.987000
524288 494.963000
1048576 1027.967000
2097152 2069.446000
4194304 4110.170000
8388608 8144.108000
16777216 16272.405000
33554432 32639.533000
67108864 65102.872000
134217728 130215.363000
268435456 260944.359000
4294967296 0.080000
8589934592 0.070000
17179869184 0.070000
34359738368 0.080000
68719476736 0.080000
137438953472 0.070000
2 0.080000
4 0.080000
8 0.100000
16 0.110000
32 0.110000
64 0.130000
128 0.190000
256 0.310000
512 0.550000
1024 1.040000
2048 2.010000
4096 4.040000
8192 7.801000
16384 15.530000
32768 30.981000
65536 62.112000
131072 123.963000
262144 249.146000
524288 514.793000
1048576 1013.487000
2097152 2079.026000
4194304 4133.821000
8388608 8224.190000
16777216 16360.336000
33554432 32586.919000
67108864 65285.951000
134217728 130439.989000
268435456 261285.727000
4294967296 0.070000
8589934592 0.080000
17179869184 0.080000
34359738368 0.080000
68719476736 0.080000
137438953472 0.070000
2 0.080000
4 0.090000
8 0.100000
16 0.130000
32 0.110000
64 0.140000
128 0.190000
256 0.310000
512 0.550000
1024 1.030000
2048 2.000000
4096 3.930000
8192 7.800000
16384 15.510000
32768 31.001000
65536 61.922000
131072 133.013000
262144 250.037000
524288 511.424000
1048576 1035.757000
2097152 2056.985000
4194304 4103.410000
8388608 8129.437000
16777216 16422.918000
33554432 32561.758000
67108864 65155.067000
134217728 130438.228000
268435456 260713.783000
4294967296 0.080000
8589934592 0.080000
17179869184 0.080000
34359738368 0.080000
68719476736 0.070000
137438953472 0.080000
2 0.080000
4 0.090000
8 0.090000
16 18.661000
32 0.110000
64 0.130000
128 0.190000
256 0.310000
512 0.560000
1024 1.040000
2048 2.000000
4096 3.930000
8192 7.791000
16384 15.531000
32768 30.980000
65536 66.161000
131072 124.693000
262144 254.016000
524288 494.733000
1048576 1023.967000
2097152 2091.705000
4194304 4067.918000
8388608 8164.758000
16777216 16317.135000
33554432 32628.751000
67108864 65282.451000
134217728 130931.671000
268435456 261427.441000
4294967296 0.070000
8589934592 0.080000
17179869184 0.080000
34359738368 0.080000
68719476736 0.080000
137438953472 0.080000
2 0.070000
4 0.090000
8 0.100000
16 0.100000
32 0.120000
64 0.130000
128 0.190000
256 0.310000
512 0.551000
1024 1.040000
2048 2.000000
4096 3.930000
8192 7.791000
16384 15.520000
32768 30.981000
65536 62.192000
131072 124.373000
262144 253.826000
524288 515.724000
1048576 1019.346000
2097152 2051.954000
4194304 4061.897000
8388608 8320.959000
16777216 16452.393000
33554432 32827.214000
67108864 65269.508000
134217728 130490.185000
268435456 260777.754000
4294967296 0.080000
8589934592 0.070000
17179869184 0.090000
34359738368 0.070000
68719476736 0.080000
137438953472 0.080000
2 0.080000
4 0.090000
8 0.130000
16 0.110000
32 0.120000
64 0.130000
128 0.190000
256 0.310000
512 0.550000
1024 1.040000
2048 2.000000
4096 3.930000
8192 7.800000
16384 15.520000
32768 31.001000
65536 67.301000
131072 124.234000
262144 256.997000
524288 515.973000
1048576 1015.877000
2097152 2052.684000
4194304 4073.397000
8388608 8240.188000
16777216 16240.009000
33554432 32487.959000
67108864 65119.040000
134217728 130179.470000
268435456 260764.650000
4294967296 0.070000
8589934592 0.080000
17179869184 0.080000
34359738368 0.080000
68719476736 0.100000
137438953472 0.080000
2 0.070000
4 0.080000
8 0.090000
16 0.100000
32 0.110000
64 0.130000
128 0.200000
256 0.340000
512 0.550000
1024 1.030000
2048 2.000000
4096 3.940000
8192 7.791000
16384 35.171000
32768 30.991000
65536 62.142000
131072 132.814000
262144 247.446000
524288 495.053000
1048576 1029.378000
2097152 2060.995000
4194304 4127.780000
8388608 8222.568000
16777216 16375.144000
33554432 32978.585000
67108864 65538.128000
134217728 130311.667000
268435456 260566.011000
4294967296 0.080000
8589934592 0.070000
17179869184 0.070000
34359738368 0.080000
68719476736 0.070000
137438953472 0.070000
2 0.070000
4 0.090000
8 0.090000
16 0.110000
32 0.120000
64 0.130000
128 0.190000
256 0.320000
512 0.561000
1024 1.031000
2048 2.000000
4096 3.930000
8192 7.800000
16384 15.520000
32768 31.240000
65536 61.962000
131072 123.783000
262144 247.786000
524288 506.753000
1048576 1010.797000
2097152 2047.094000
4194304 4123.140000
8388608 8146.606000
16777216 16404.805000
33554432 32525.973000
67108864 65232.330000
134217728 130376.498000
268435456 261253.959000
4294967296 0.100000
8589934592 0.080000
17179869184 0.100000
34359738368 0.070000
68719476736 0.070000
137438953472 0.080000
2 0.070000
4 0.080000
8 0.090000
16 0.100000
32 0.110000
64 0.130000
128 0.190000
256 0.310000
512 0.560000
1024 1.040000
2048 2.000000
4096 3.931000
8192 7.801000
16384 15.521000
32768 31.221000
65536 61.911000
131072 123.703000
262144 269.218000
524288 496.114000
1048576 1005.116000
2097152 2066.325000
4194304 4083.088000
8388608 8208.848000
16777216 16249.832000
33554432 32507.695000
67108864 65073.273000
134217728 130837.014000
268435456 260710.692000
4294967296 0.080000
8589934592 0.070000
17179869184 0.070000
34359738368 0.080000
68719476736 0.080000
137438953472 0.080000
2 0.070000
4 0.090000
8 0.100000
16 0.110000
32 0.120000
64 0.130000
128 0.200000
256 0.310000
512 0.550000
1024 1.030000
2048 2.000000
4096 3.930000
8192 7.800000
16384 15.510000
32768 30.991000
65536 61.931000
131072 121.653000
262144 247.347000
524288 496.963000
1048576 1038.207000
2097152 2082.155000
4194304 4118.609000
8388608 8169.318000
16777216 16298.294000
33554432 32542.667000
67108864 65062.347000
134217728 130316.098000
268435456 260665.767000
4294967296 0.070000
8589934592 0.080000
17179869184 0.080000
34359738368 0.080000
68719476736 0.070000
137438953472 0.080000
2 0.080000
4 0.090000
8 0.100000
16 0.110000
32 0.120000
64 0.130000
128 0.190000
256 0.310000
512 0.550000
1024 1.030000
2048 2.000000
4096 3.930000
8192 7.801000
16384 15.520000
32768 30.991000
65536 62.142000
131072 123.713000
262144 247.627000
524288 507.923000
1048576 1013.057000
2097152 2063.565000
4194304 4150.391000
8388608 8180.340000
16777216 16244.396000
33554432 32498.463000
67108864 65139.128000
134217728 130129.747000
268435456 260674.394000
4294967296 0.080000
8589934592 0.080000
17179869184 0.070000
34359738368 0.070000
68719476736 0.080000
137438953472 0.080000
2 0.070000
4 0.090000
8 0.100000
16 0.100000
32 0.110000
64 0.130000
128 0.190000
256 0.320000
512 0.550000
1024 1.030000
2048 2.010000
4096 3.940000
8192 7.680000
16384 15.531000
32768 31.001000
65536 62.311000
131072 134.894000
262144 267.047000
524288 512.644000
1048576 1018.808000
2097152 2034.475000
4194304 4100.811000
8388608 8331.756000
16777216 16292.090000
33554432 32944.900000
67108864 65270.294000
134217728 130269.871000
268435456 260908.552000
4294967296 0.070000
8589934592 0.090000
17179869184 0.070000
34359738368 0.070000
68719476736 0.080000
137438953472 0.080000
2 0.080000
4 0.100000
8 0.090000
16 0.100000
32 0.110000
64 0.130000
128 0.190000
256 0.310000
512 0.550000
1024 1.030000
2048 2.000000
4096 3.940000
8192 7.800000
16384 15.531000
32768 31.060000
65536 61.912000
131072 123.793000
262144 253.137000
524288 518.784000
1048576 1022.008000
2097152 2037.465000
4194304 4138.751000
8388608 8201.359000
16777216 16449.600000
33554432 32613.933000
67108864 65276.736000
134217728 130584.243000
268435456 261566.418000
4294967296 0.080000
8589934592 0.080000
17179869184 0.080000
34359738368 0.080000
68719476736 0.100000
137438953472 0.070000
2 0.070000
4 0.090000
8 0.090000
16 0.100000
32 0.170000
64 0.130000
128 0.190000
256 0.310000
512 0.550000
1024 1.030000
2048 2.091000
4096 3.940000
8192 7.810000
16384 15.520000
32768 31.001000
65536 76.442000
131072 124.604000
262144 249.637000
524288 509.603000
1048576 991.056000
2097152 2021.094000
4194304 4086.569000
8388608 8162.108000
16777216 16262.936000
33554432 32691.835000
67108864 65960.234000
134217728 130024.658000
268435456 260783.606000
4294967296 0.080000
8589934592 0.080000
17179869184 0.080000
34359738368 0.090000
68719476736 0.080000
137438953472 0.080000
2 0.080000
4 0.100000
8 0.100000
16 0.110000
32 0.110000
64 0.130000
128 0.190000
256 0.320000
512 0.560000
1024 1.040000
2048 2.010000
4096 3.930000
8192 7.780000
16384 15.541000
32768 57.142000
65536 62.131000
131072 123.693000
262144 247.687000
524288 495.823000
1048576 1021.217000
2097152 2059.765000
4194304 4103.770000
8388608 8193.600000
16777216 16313.816000
33554432 33017.714000
67108864 65105.252000
134217728 130637.165000
268435456 260741.455000
4294967296 0.080000
8589934592 0.070000
17179869184 0.100000
34359738368 0.070000
68719476736 0.070000
137438953472 0.080000
2 0.070000
4 0.090000
8 0.090000
16 0.110000
32 0.111000
64 0.120000
128 0.190000
256 0.310000
512 0.550000
1024 1.030000
2048 2.000000
4096 3.930000
8192 7.800000
16384 15.520000
32768 30.990000
65536 61.882000
131072 124.743000
262144 263.847000
524288 496.783000
1048576 1013.187000
2097152 2122.586000
4194304 4155.551000
8388608 8182.368000
16777216 16294.236000
33554432 32554.011000
67108864 65230.435000
134217728 130371.868000
268435456 261967.968000
4294967296 0.080000
8589934592 0.080000
17179869184 0.090000
34359738368 0.080000
68719476736 0.080000
137438953472 0.130000
2 0.070000
4 0.080000
8 0.100000
16 0.100000
32 0.140000
64 0.140000
128 0.240000
256 0.310000
512 0.550000
1024 1.040000
2048 1.990000
4096 3.940000
8192 7.800000
16384 15.531000
32768 31.011000
65536 61.922000
131072 124.283000
262144 249.777000
524288 508.904000
1048576 1022.917000
2097152 2053.855000
4194304 4153.671000
8388608 8126.287000
16777216 16421.359000
33554432 33069.785000
67108864 65489.152000
134217728 130838.431000
268435456 260567.401000
4294967296 0.080000
8589934592 0.080000
17179869184 0.080000
34359738368 0.080000
68719476736 0.080000
137438953472 0.070000
2 0.090000
4 0.080000
8 0.100000
16 0.110000
32 0.110000
64 0.130000
128 0.230000
256 0.310000
512 0.550000
1024 1.030000
2048 2.000000
4096 3.940000
8192 7.790000
16384 15.521000
32768 30.991000
65536 62.161000
131072 124.344000
262144 249.597000
524288 520.394000
1048576 1021.497000
2097152 2048.464000
4194304 4076.189000
8388608 8129.298000
16777216 16242.975000
33554432 32648.573000
67108864 65363.268000
134217728 130342.087000
268435456 260590.792000
4294967296 0.080000
8589934592 0.080000
17179869184 0.080000
34359738368 0.070000
68719476736 0.080000
137438953472 0.090000
2 0.070000
4 0.080000
8 0.090000
16 0.110000
32 0.120000
64 0.140000
128 0.190000
256 0.300000
512 0.550000
1024 1.040000
2048 2.000000
4096 3.930000
8192 7.800000
16384 15.530000
32768 31.221000
65536 62.372000
131072 123.703000
262144 248.197000
524288 494.833000
1048576 1059.838000
2097152 2070.975000
4194304 4091.469000
8388608 8261.411000
16777216 16432.628000
33554432 32637.951000
67108864 65190.641000
134217728 130511.105000
268435456 260264.461000
4294967296 0.070000
8589934592 0.080000
17179869184 0.080000
34359738368 0.070000
68719476736 0.080000
137438953472 0.080000
2 0.080000
4 0.080000
8 0.100000
16 0.100000
32 0.110000
64 0.130000
128 0.190000
256 0.310000
512 0.550000
1024 1.030000
2048 2.000000
4096 3.930000
8192 7.790000
16384 15.520000
32768 31.001000
65536 94.512000
131072 124.163000
262144 247.857000
524288 508.864000
1048576 1022.487000
2097152 2054.705000
4194304 4109.909000
8388608 8125.487000
16777216 16316.446000
33554432 32569.290000
67108864 64993.435000
134217728 130280.979000
268435456 260732.402000
4294967296 0.080000
8589934592 0.080000
17179869184 0.080000
34359738368 0.080000
68719476736 0.080000
137438953472 0.080000
2 0.070000
4 0.090000
8 0.100000
16 0.110000
32 0.110000
64 0.120000
128 0.200000
256 0.310000
512 0.550000
1024 1.030000
2048 2.000000
4096 3.930000
8192 7.800000
16384 15.521000
32768 30.981000
65536 61.912000
131072 123.703000
262144 247.637000
524288 509.283000
1048576 1087.699000
2097152 2053.904000
4194304 4116.228000
8388608 8232.828000
16777216 16261.379000
33554432 32552.119000
67108864 65105.908000
134217728 130255.456000
268435456 260893.792000
4294967296 0.080000
8589934592 0.070000
17179869184 0.080000
34359738368 0.070000
68719476736 0.070000
137438953472 0.080000
2 0.070000
4 0.090000
8 0.130000
16 0.100000
32 0.130000
64 0.130000
128 0.190000
256 0.310000
512 0.550000
1024 1.030000
2048 2.000000
4096 3.930000
8192 7.790000
16384 15.451000
32768 30.980000
65536 61.922000
131072 123.713000
262144 248.627000
524288 503.584000
1048576 1005.896000
2097152 2045.874000
4194304 4175.960000
8388608 8296.548000
16777216 16438.243000
33554432 32931.416000
67108864 65001.309000
134217728 130200.235000
268435456 260501.885000
4294967296 0.090000
8589934592 0.080000
17179869184 0.080000
34359738368 0.070000
68719476736 0.080000
137438953472 0.080000
2 0.070000
4 0.090000
8 0.100000
16 0.100000
32 0.110000
64 0.130000
128 0.190000
256 0.310000
512 0.550000
1024 1.070000
2048 2.000000
4096 3.930000
8192 7.800000
16384 15.550000
32768 31.001000
65536 61.912000
131072 123.723000
262144 258.336000
524288 495.593000
1048576 1012.977000
2097152 2048.635000
4194304 4154.440000
8388608 8141.796000
16777216 16268.661000
33554432 32528.391000
67108864 65396.431000
134217728 130640.727000
268435456 260668.269000
4294967296 0.080000
8589934592 0.080000
17179869184 0.070000
34359738368 0.070000
68719476736 0.080000
137438953472 0.080000
2 0.070000
4 0.090000
8 0.100000
16 0.100000
32 0.110000
64 0.130000
128 0.190000
256 0.310000
512 0.560000
1024 1.040000
2048 2.011000
4096 3.930000
8192 7.801000
16384 15.520000
32768 31.000000
65536 62.142000
131072 123.824000
262144 262.377000
524288 511.754000
1048576 1021.277000
2097152 2052.595000
4194304 4061.087000
8388608 8240.619000
16777216 16232.840000
33554432 32914.912000
67108864 65355.742000
134217728 130586.630000
268435456 260705.887000
4294967296 0.070000
8589934592 0.080000
17179869184 0.070000
34359738368 0.080000
68719476736 0.080000
137438953472 0.080000
2 0.070000
4 0.080000
8 0.100000
16 0.110000
32 0.110000
64 0.130000
128 0.230000
256 0.310000
512 0.550000
1024 1.040000
2048 2.000000
4096 3.941000
8192 7.800000
16384 15.270000
32768 30.981000
65536 61.892000
131072 121.704000
262144 249.817000
524288 501.403000
1048576 1006.857000
2097152 2051.375000
4194304 4067.288000
8388608 8205.088000
16777216 16295.584000
33554432 32933.105000
67108864 65023.459000
134217728 130496.500000
268435456 261000.150000
4294967296 0.080000
8589934592 0.080000
17179869184 0.080000
34359738368 0.070000
68719476736 0.080000
137438953472 0.070000
2 0.070000
4 0.080000
8 0.100000
16 0.140000
32 0.120000
64 0.120000
128 0.240000
256 0.310000
512 0.700000
1024 1.030000
2048 2.000000
4096 3.940000
8192 7.791000
16384 15.530000
32768 30.811000
65536 62.122000
131072 124.053000
262144 247.437000
524288 496.804000
1048576 1073.079000
2097152 2094.526000
4194304 4113.640000
8388608 8251.131000
16777216 16437.009000
33554432 32718.584000
67108864 64970.026000
134217728 130316.873000
268435456 260813.930000
4294967296 0.100000
8589934592 0.070000
17179869184 0.080000
34359738368 0.080000
68719476736 0.080000
137438953472 0.080000
2 0.080000
4 0.090000
8 0.090000
16 0.100000
32 0.120000
64 0.130000
128 0.190000
256 0.300000
512 0.550000
1024 1.040000
2048 2.000000
4096 3.930000
8192 7.790000
16384 15.531000
32768 31.001000
65536 61.902000
131072 123.933000
262144 271.937000
524288 494.853000
1048576 1030.198000
2097152 2062.906000
4194304 4095.851000
8388608 8143.310000
16777216 16267.710000
33554432 32966.221000
67108864 65244.423000
134217728 130210.518000
268435456 262117.661000
4294967296 0.080000
8589934592 0.080000
17179869184 0.080000
34359738368 0.080000
68719476736 0.080000
137438953472 0.100000
2 0.070000
4 0.080000
8 0.130000
16 0.110000
32 0.120000
64 0.130000
128 0.180000
256 0.360000
512 0.550000
1024 1.030000
2048 2.000000
4096 33.570000
8192 7.800000
16384 15.271000
32768 30.991000
65536 61.912000
131072 124.133000
262144 247.487000
524288 495.003000
1048576 1035.788000
2097152 2050.145000
4194304 4165.690000
8388608 8133.206000
16777216 16383.295000
33554432 32588.945000
67108864 65743.416000
134217728 130219.458000
268435456 260599.151000
4294967296 0.080000
8589934592 0.070000
17179869184 0.080000
34359738368 0.080000
68719476736 0.090000
137438953472 0.070000
2 0.070000
4 0.090000
8 0.130000
16 0.110000
32 0.110000
64 0.180000
128 0.190000
256 0.320000
512 0.560000
1024 1.040000
2048 2.000000
4096 3.960000
8192 7.801000
16384 15.540000
32768 30.991000
65536 61.902000
131072 123.904000
262144 247.677000
524288 502.134000
1048576 1032.188000
2097152 2062.865000
4194304 4083.950000
8388608 8172.159000
16777216 16363.509000
33554432 32677.467000
67108864 65197.969000
134217728 130282.914000
268435456 260802.004000
4294967296 0.080000
8589934592 0.080000
17179869184 0.070000
34359738368 0.070000
68719476736 0.070000
137438953472 0.080000
2 0.070000
4 0.080000
8 0.100000
16 0.100000
32 0.110000
64 0.130000
128 0.190000
256 0.320000
512 0.590000
1024 1.050000
2048 2.000000
4096 3.930000
8192 7.800000
16384 15.520000
32768 30.481000
65536 61.911000
131072 123.953000
262144 243.707000
524288 507.634000
1048576 1006.317000
2097152 2043.055000
4194304 4045.659000
8388608 8200.640000
16777216 16316.738000
33554432 32523.752000
67108864 65274.890000
134217728 130724.850000
268435456 261172.030000
4294967296 0.070000
8589934592 0.070000
17179869184 0.080000
34359738368 0.080000
68719476736 0.070000
137438953472 0.080000
2 0.070000
4 0.080000
8 0.120000
16 0.100000
32 0.120000
64 0.130000
128 0.230000
256 0.310000
512 0.580000
1024 1.040000
2048 2.000000
4096 3.941000
8192 7.790000
16384 15.510000
32768 31.220000
65536 61.921000
131072 132.934000
262144 256.297000
524288 512.903000
1048576 1034.268000
2097152 2045.445000
4194304 4122.371000
8388608 8153.379000
16777216 16341.929000
33554432 32549.675000
67108864 65358.056000
134217728 130456.975000
268435456 261103.353000
4294967296 0.070000
8589934592 0.070000
17179869184 0.080000
34359738368 0.080000
68719476736 0.080000
137438953472 0.080000
2 0.080000
4 0.080000
8 0.090000
16 0.100000
32 0.110000
64 0.130000
128 0.190000
256 0.310000
512 0.550000
1024 1.040000
2048 2.000000
4096 3.941000
8192 7.800000
16384 15.271000
32768 31.000000
65536 61.901000
131072 124.713000
262144 248.347000
524288 501.063000
1048576 1013.527000
2097152 2049.515000
4194304 4114.781000
8388608 8111.629000
16777216 16276.318000
33554432 32594.836000
67108864 65103.581000
134217728 130453.369000
268435456 261320.032000
4294967296 0.080000
8589934592 0.070000
17179869184 0.080000
34359738368 0.080000
68719476736 0.080000
137438953472 0.080000
2 0.070000
4 0.080000
8 0.090000
16 0.100000
32 0.110000
64 0.130000
128 0.190000
256 0.310000
512 0.550000
1024 1.040000
2048 2.000000
4096 3.930000
8192 7.800000
16384 15.521000
32768 30.981000
65536 62.332000
131072 123.823000
262144 265.197000
524288 518.294000
1048576 1018.118000
2097152 2055.985000
4194304 4166.951000
8388608 8147.208000
16777216 16240.485000
33554432 32514.022000
67108864 65006.882000
134217728 130405.244000
268435456 260956.112000
4294967296 0.090000
8589934592 0.080000
17179869184 0.100000
34359738368 0.080000
68719476736 0.070000
137438953472 0.080000
2 0.070000
4 0.080000
8 0.100000
16 0.100000
32 0.110000
64 0.130000
128 0.190000
256 0.310000
512 0.550000
1024 1.030000
2048 2.000000
4096 3.930000
8192 7.800000
16384 15.270000
32768 30.981000
65536 61.942000
131072 124.193000
262144 267.917000
524288 501.334000
1048576 1038.438000
2097152 2070.586000
4194304 4153.011000
8388608 8302.234000
16777216 16499.664000
33554432 32825.823000
67108864 65152.932000
134217728 130418.997000
268435456 261454.222000
4294967296 0.070000
8589934592 0.080000
17179869184 0.080000
34359738368 0.080000
68719476736 0.080000
137438953472 0.080000
2 0.080000
4 0.090000
8 0.100000
16 0.110000
32 0.120000
64 0.140000
128 0.190000
256 0.310000
512 0.550000
1024 1.040000
2048 2.000000
4096 3.940000
8192 7.801000
16384 15.530000
32768 30.981000
65536 61.912000
131072 136.574000
262144 247.277000
524288 509.374000
1048576 1018.337000
2097152 2057.115000
4194304 4087.419000
8388608 8193.999000
16777216 16366.197000
33554432 32553.299000
67108864 65113.469000
134217728 130214.916000
268435456 260596.798000
4294967296 0.080000
8589934592 0.080000
17179869184 0.080000
34359738368 0.080000
68719476736 0.080000
137438953472 0.071000
2 0.080000
4 0.080000
8 0.090000
16 0.100000
32 0.120000
64 0.130000
128 0.180000
256 0.310000
512 0.560000
1024 1.030000
2048 2.000000
4096 3.941000
8192 7.800000
16384 15.530000
32768 30.971000
65536 62.372000
131072 123.823000
262144 247.587000
524288 517.464000
1048576 1013.917000
2097152 2069.295000
4194304 4062.028000
8388608 8166.506000
16777216 16333.084000
33554432 32983.155000
67108864 65108.829000
134217728 132037.965000
268435456 260750.721000
4294967296 0.110000
8589934592 0.070000
17179869184 0.070000
34359738368 0.080000
68719476736 0.070000
137438953472 0.070000
2 0.080000
4 0.080000
8 0.100000
16 0.110000
32 0.110000
64 0.140000
128 0.190000
256 0.420000
512 0.550000
1024 1.040000
2048 2.000000
4096 3.930000
8192 7.810000
16384 15.530000
32768 30.981000
65536 61.572000
131072 123.693000
262144 249.697000
524288 503.244000
1048576 1017.757000
2097152 2053.775000
4194304 4132.380000
8388608 8172.729000
16777216 16401.289000
33554432 32575.291000
67108864 65210.573000
134217728 130518.607000
268435456 260983.643000
4294967296 0.080000
8589934592 0.090000
17179869184 0.070000
34359738368 0.070000
68719476736 0.080000
137438953472 0.080000
2 0.070000
4 0.090000
8 0.090000
16 0.100000
32 0.110000
64 0.130000
128 0.190000
256 0.310000
512 0.540000
1024 1.030000
2048 2.000000
4096 3.940000
8192 7.800000
16384 15.530000
32768 32.631000
65536 61.902000
131072 124.383000
262144 274.037000
524288 496.184000
1048576 1015.007000
2097152 2076.565000
4194304 4113.189000
8388608 8186.448000
16777216 16400.336000
33554432 32459.553000
67108864 65050.639000
134217728 130139.768000
268435456 261050.316000
4294967296 0.090000
8589934592 0.080000
17179869184 0.090000
34359738368 0.080000
68719476736 0.100000
137438953472 0.070000
2 0.070000
4 0.100000
8 0.090000
16 0.100000
32 0.110000
64 0.130000
128 0.190000
256 0.310000
512 0.540000
1024 1.030000
2048 2.000000
4096 3.930000
8192 7.790000
16384 15.530000
32768 30.991000
65536 62.132000
131072 123.743000
262144 247.357000
524288 504.963000
1048576 1015.727000
2097152 2069.565000
4194304 4169.711000
8388608 8284.270000
16777216 16371.555000
33554432 32679.539000
67108864 64950.996000
134217728 130215.880000
268435456 262015.572000
4294967296 0.080000
8589934592 0.090000
17179869184 0.070000
34359738368 0.080000
68719476736 0.080000
137438953472 0.070000
2 0.070000
4 0.110000
8 0.100000
16 0.100000
32 0.120000
64 0.130000
128 0.190000
256 0.380000
512 0.560000
1024 1.040000
2048 2.010000
4096 3.940000
8192 7.801000
16384 15.521000
32768 31.201000
65536 64.882000
131072 123.813000
262144 261.117000
524288 495.913000
1048576 1001.727000
2097152 2042.695000
4194304 4117.150000
8388608 8205.600000
16777216 16233.075000
33554432 32575.673000
67108864 65487.154000
134217728 130635.092000
268435456 261149.101000
4294967296 0.110000
8589934592 0.070000
17179869184 0.070000
34359738368 0.080000
68719476736 0.100000
137438953472 0.080000
2 0.070000
4 0.080000
8 0.090000
16 0.100000
32 0.110000
64 0.130000
128 0.190000
256 0.310000
512 0.560000
1024 1.080000
2048 2.000000
4096 3.970000
8192 7.800000
16384 15.520000
32768 30.720000
65536 89.552000
131072 123.784000
262144 276.327000
524288 503.354000
1048576 1002.677000
2097152 2054.594000
4194304 4062.768000
8388608 8113.624000
16777216 16634.090000
33554432 32811.377000
67108864 65749.647000
134217728 130541.529000
268435456 261849.307000
4294967296 0.070000
8589934592 0.070000
17179869184 0.080000
34359738368 0.080000
68719476736 0.080000
137438953472 0.080000
2 0.070000
4 0.100000
8 0.090000
16 0.130000
32 0.110000
64 0.130000
128 0.180000
256 0.310000
512 0.540000
1024 1.040000
2048 2.000000
4096 3.940000
8192 7.800000
16384 15.541000
32768 31.011000
65536 61.922000
131072 124.263000
262144 247.496000
524288 504.353000
1048576 1007.396000
2097152 2037.054000
4194304 4104.329000
8388608 8131.916000
16777216 16344.683000
33554432 32711.347000
67108864 65063.854000
134217728 130742.655000
268435456 260698.709000
4294967296 0.080000
8589934592 0.080000
17179869184 0.080000
34359738368 0.070000
68719476736 0.080000
137438953472 0.080000
2 0.070000
4 0.080000
8 0.100000
16 0.110000
32 0.110000
64 0.130000
128 0.190000
256 0.310000
512 0.550000
1024 1.040000
2048 2.000000
4096 3.930000
8192 7.800000
16384 15.531000
32768 60.292000
65536 61.902000
131072 124.324000
262144 264.447000
524288 494.953000
1048576 1004.076000
2097152 2041.094000
4194304 4090.279000
8388608 8152.975000
16777216 16335.773000
33554432 32573.362000
67108864 65994.538000
134217728 130297.550000
268435456 260937.150000
4294967296 0.070000
8589934592 0.080000
17179869184 0.070000
34359738368 0.080000
68719476736 0.070000
137438953472 0.070000
2 0.070000
4 0.080000
8 0.090000
16 0.110000
32 0.120000
64 0.130000
128 0.240000
256 0.310000
512 0.550000
1024 1.030000
2048 2.000000
4096 3.940000
8192 7.800000
16384 15.520000
32768 30.981000
65536 61.962000
131072 123.673000
262144 249.517000
524288 503.713000
1048576 1013.077000
2097152 2080.856000
4194304 4091.048000
8388608 8249.829000
16777216 16241.940000
33554432 32759.037000
67108864 65090.654000
134217728 130143.536000
268435456 260767.205000
4294967296 0.080000
8589934592 0.080000
17179869184 0.080000
34359738368 0.080000
68719476736 0.080000
137438953472 0.080000
2 0.070000
4 0.080000
8 0.100000
16 0.110000
32 0.110000
64 0.130000
128 0.180000
256 0.310000
512 0.550000
1024 1.030000
2048 2.000000
4096 3.940000
8192 7.800000
16384 15.531000
32768 30.991000
65536 62.152000
131072 129.153000
262144 249.107000
524288 511.614000
1048576 1020.117000
2097152 2066.835000
4194304 4069.408000
8388608 8230.689000
16777216 16550.981000
33554432 32716.510000
67108864 65219.905000
134217728 130288.125000
268435456 260720.654000
4294967296 0.080000
8589934592 0.080000
17179869184 0.080000
34359738368 0.080000
68719476736 0.080000
137438953472 0.080000
2 0.070000
4 0.080000
8 0.100000
16 0.110000
32 0.110000
64 0.130000
128 0.180000
256 0.310000
512 0.550000
1024 1.030000
2048 2.010000
4096 3.930000
8192 7.790000
16384 15.520000
32768 30.981000
65536 62.222000
131072 132.494000
262144 253.677000
524288 528.644000
1048576 1030.838000
2097152 2047.755000
4194304 4126.779000
8388608 8167.417000
16777216 16238.352000
33554432 32541.836000
67108864 65638.966000
134217728 130986.794000
268435456 260960.280000
4294967296 0.080000
8589934592 0.080000
17179869184 0.080000
34359738368 0.080000
68719476736 0.080000
137438953472 0.080000
2 0.070000
4 0.100000
8 0.100000
16 0.100000
32 0.140000
64 0.130000
128 0.190000
256 0.310000
512 0.550000
1024 1.030000
2048 1.990000
4096 3.940000
8192 7.790000
16384 15.520000
32768 30.990000
65536 61.902000
131072 123.743000
262144 247.297000
524288 512.173000
1048576 1013.777000
2097152 2078.035000
4194304 4148.220000
8388608 8266.950000
16777216 16388.416000
33554432 32515.265000
67108864 65165.993000
134217728 130209.323000
268435456 261054.379000
4294967296 0.080000
8589934592 0.080000
17179869184 0.070000
34359738368 0.080000
68719476736 0.070000
137438953472 0.080000
2 0.070000
4 0.090000
8 0.090000
16 0.100000
32 0.110000
64 0.130000
128 0.190000
256 0.310000
512 0.550000
1024 1.040000
2048 2.001000
4096 3.930000
8192 7.800000
16384 15.521000
32768 30.981000
65536 67.112000
131072 124.543000
262144 266.608000
524288 510.373000
1048576 1024.688000
2097152 2074.486000
4194304 4149.111000
8388608 8131.796000
16777216 16352.066000
33554432 32586.318000
67108864 65348.790000
134217728 130263.187000
268435456 260493.684000
4294967296 0.070000
8589934592 0.070000
17179869184 0.070000
34359738368 0.070000
68719476736 0.080000
137438953472 0.080000
2 0.070000
4 0.080000
8 0.100000
16 0.100000
32 0.110000
64 0.130000
128 0.190000
256 0.300000
512 0.550000
1024 1.040000
2048 2.010000
4096 3.930000
8192 7.800000
16384 30.271000
32768 30.991000
65536 61.921000
131072 145.034000
262144 247.977000
524288 516.433000
1048576 1044.158000
2097152 2036.625000
4194304 4117.279000
8388608 8190.859000
16777216 16471.199000
33554432 32503.027000
67108864 65282.912000
134217728 130531.134000
268435456 261354.217000
4294967296 0.080000
8589934592 0.080000
17179869184 0.100000
34359738368 0.070000
68719476736 0.070000
137438953472 0.070000
2 0.080000
4 0.080000
8 0.100000
16 0.110000
32 0.120000
64 0.130000
128 0.190000
256 0.310000
512 0.550000
1024 1.040000
2048 2.020000
4096 3.930000
8192 7.800000
16384 15.530000
32768 30.980000
65536 61.942000
131072 123.744000
262144 253.317000
524288 499.634000
1048576 1023.518000
2097152 2068.667000
4194304 4110.093000
8388608 8212.835000
16777216 16472.469000
33554432 32626.280000
67108864 65097.246000
134217728 130573.363000
268435456 260745.284000
4294967296 0.070000
8589934592 0.070000
17179869184 0.080000
34359738368 0.080000
68719476736 0.070000
137438953472 0.070000
2 0.070000
4 0.090000
8 0.100000
16 0.110000
32 0.110000
64 0.120000
128 0.190000
256 0.310000
512 0.550000
1024 1.030000
2048 1.990000
4096 11.240000
8192 7.800000
16384 15.530000
32768 31.001000
65536 61.901000
131072 124.483000
262144 278.967000
524288 495.753000
1048576 1010.937000
2097152 2051.845000
4194304 4092.829000
8388608 8167.257000
16777216 16365.166000
33554432 32834.035000
67108864 65558.067000
134217728 130580.720000
268435456 260958.274000
4294967296 0.080000
8589934592 0.070000
17179869184 0.110000
34359738368 0.080000
68719476736 0.080000
137438953472 0.080000
2 0.060000
4 0.080000
8 0.090000
16 0.110000
32 0.120000
64 0.130000
128 0.190000
256 0.310000
512 0.550000
1024 1.030000
2048 2.000000
4096 3.940000
8192 7.790000
16384 15.530000
32768 30.981000
65536 61.932000
131072 124.813000
262144 256.637000
524288 546.705000
1048576 1013.097000
2097152 2063.125000
4194304 4098.809000
8388608 8164.018000
16777216 16269.824000
33554432 32575.258000
67108864 65171.548000
134217728 130567.412000
268435456 261424.371000
4294967296 0.080000
8589934592 0.080000
17179869184 0.070000
34359738368 0.080000
68719476736 0.080000
137438953472 0.070000
2 0.070000
4 0.080000
8 0.100000
16 0.110000
32 0.110000
64 0.130000
128 0.190000
256 0.310000
512 0.550000
1024 1.030000
2048 2.030000
4096 3.930000
8192 7.790000
16384 15.540000
32768 30.471000
65536 61.951000
131072 123.954000
262144 253.447000
524288 495.203000
1048576 1009.467000
2097152 2049.965000
4194304 4178.162000
8388608 8172.038000
16777216 16419.838000
33554432 32512.227000
67108864 65228.679000
134217728 130698.095000
268435456 261271.026000
4294967296 0.090000
8589934592 0.080000
17179869184 0.080000
34359738368 0.080000
68719476736 0.080000
137438953472 0.070000
2 0.070000
4 0.090000
8 0.090000
16 0.100000
32 0.120000
64 0.140000
128 0.190000
256 0.300000
512 0.560000
1024 1.050000
2048 2.010000
4096 3.940000
8192 7.800000
16384 15.530000
32768 31.081000
65536 61.981000
131072 123.963000
262144 247.987000
524288 512.413000
1048576 1011.247000
2097152 2057.834000
4194304 4174.271000
8388608 8171.048000
16777216 16258.964000
33554432 32599.091000
67108864 65094.920000
134217728 130329.163000
268435456 260546.935000
4294967296 0.070000
8589934592 0.080000
17179869184 0.080000
34359738368 0.080000
68719476736 0.080000
137438953472 0.070000
2 0.070000
4 0.080000
8 0.090000
16 0.100000
32 0.110000
64 0.120000
128 0.190000
256 0.310000
512 0.550000
1024 1.041000
2048 2.000000
4096 3.930000
8192 7.790000
16384 15.531000
32768 30.991000
65536 61.912000
131072 142.414000
262144 268.367000
524288 507.564000
1048576 1008.577000
2097152 2090.996000
4194304 4139.730000
8388608 8126.617000
16777216 16289.376000
33554432 32810.307000
67108864 65208.533000
134217728 129991.785000
268435456 260818.642000
4294967296 0.080000
8589934592 0.070000
17179869184 0.080000
34359738368 0.080000
68719476736 0.070000
137438953472 0.090000
2 0.070000
4 0.080000
8 0.100000
16 0.100000
32 0.120000
64 0.120000
128 0.240000
256 0.300000
512 0.550000
1024 1.030000
2048 2.000000
4096 3.930000
8192 7.801000
16384 15.521000
32768 30.990000
65536 61.902000
131072 123.713000
262144 265.818000
524288 518.974000
1048576 1021.897000
2097152 2055.015000
4194304 4073.629000
8388608 8212.971000
16777216 16363.749000
33554432 32481.820000
67108864 65138.736000
134217728 130171.458000
268435456 261337.936000
4294967296 0.080000
8589934592 0.080000
17179869184 0.080000
34359738368 0.070000
68719476736 0.070000
137438953472 0.090000
2 0.070000
4 0.110000
8 0.100000
16 0.100000
32 0.110000
64 0.130000
128 0.200000
256 0.310000
512 0.550000
1024 1.030000
2048 2.011000
4096 3.930000
8192 7.790000
16384 26.911000
32768 30.991000
65536 67.171000
131072 123.953000
262144 271.977000
524288 494.633000
1048576 1030.258000
2097152 2077.306000
4194304 4051.628000
8388608 8147.667000
16777216 16244.574000
33554432 32556.669000
67108864 65348.174000
134217728 130218.284000
268435456 261310.082000
4294967296 0.080000
8589934592 0.080000
17179869184 0.070000
34359738368 0.070000
68719476736 0.080000
137438953472 0.080000
2 0.070000
4 0.090000
8 0.100000
16 0.100000
32 0.110000
64 0.130000
128 0.260000
256 0.310000
512 0.550000
1024 1.040000
2048 2.000000
4096 3.920000
8192 7.790000
16384 30.671000
32768 30.981000
65536 61.902000
131072 124.233000
262144 252.866000
524288 506.454000
1048576 1058.178000
2097152 2046.104000
4194304 4167.671000
8388608 8140.238000
16777216 16237.684000
33554432 32739.663000
67108864 65019.604000
134217728 130247.885000
268435456 260828.999000
4294967296 0.070000
8589934592 0.080000
17179869184 0.080000
34359738368 0.070000
68719476736 0.080000
137438953472 0.070000
2 0.070000
4 0.080000
8 0.090000
16 0.110000
32 0.110000
64 0.250000
128 0.190000
256 0.300000
512 0.550000
1024 1.040000
2048 2.000000
4096 3.930000
8192 7.790000
16384 15.531000
32768 30.991000
65536 62.162000
131072 124.003000
262144 273.547000
524288 494.824000
1048576 1030.097000
2097152 2084.605000
4194304 4064.138000
8388608 8124.137000
16777216 16303.025000
33554432 32503.887000
67108864 65076.597000
134217728 130256.757000
268435456 261558.482000
4294967296 0.080000
8589934592 0.080000
17179869184 0.070000
34359738368 0.080000
68719476736 0.080000
137438953472 0.080000
2 0.080000
4 0.080000
8 0.090000
16 0.100000
32 0.120000
64 0.140000
128 0.190000
256 0.310000
512 0.550000
1024 1.030000
2048 1.990000
4096 3.930000
8192 7.801000
16384 15.740000
32768 30.990000
65536 61.902000
131072 123.763000
262144 247.686000
524288 503.653000
1048576 1021.228000
2097152 2067.385000
4194304 4058.198000
8388608 8143.317000
16777216 16242.523000
33554432 32572.400000
67108864 65296.013000
134217728 130260.037000
268435456 260853.453000
4294967296 0.070000
8589934592 0.080000
17179869184 0.070000
34359738368 0.080000
68719476736 0.080000
137438953472 0.080000
2 0.080000
4 0.080000
8 0.090000
16 0.110000
32 0.120000
64 0.120000
128 0.190000
256 0.310000
512 0.550000
1024 1.030000
2048 2.000000
4096 3.940000
8192 7.800000
16384 15.540000
32768 30.991000
65536 62.162000
131072 140.474000
262144 260.987000
524288 514.474000
1048576 1014.427000
2097152 2059.855000
4194304 4115.840000
8388608 8217.019000
16777216 16204.612000
33554432 32467.276000
67108864 65142.467000
134217728 130691.345000
268435456 261056.271000
4294967296 0.080000
8589934592 0.070000
17179869184 0.080000
34359738368 0.080000
68719476736 0.080000
137438953472 0.080000
2 0.060000
4 0.080000
8 0.100000
16 0.100000
32 0.120000
64 0.120000
128 0.190000
256 0.310000
512 0.560000
1024 1.030000
2048 2.000000
4096 3.930000
8192 7.801000
16384 15.551000
32768 30.980000
65536 61.912000
131072 141.074000
262144 262.157000
524288 494.883000
1048576 1024.787000
2097152 2054.384000
4194304 4067.517000
8388608 8210.397000
16777216 16391.683000
33554432 32532.250000
67108864 65112.371000
134217728 130476.608000
268435456 260706.720000
4294967296 0.080000
8589934592 0.080000
17179869184 0.070000
34359738368 0.070000
68719476736 0.070000
137438953472 0.070000
2 0.080000
4 0.080000
8 0.100000
16 0.100000
32 0.110000
64 0.130000
128 0.190000
256 0.310000
512 0.550000
1024 1.040000
2048 2.010000
4096 3.930000
8192 7.790000
16384 15.520000
32768 31.191000
65536 61.891000
131072 123.703000
262144 247.556000
524288 510.893000
1048576 1010.876000
2097152 2053.863000
4194304 4087.325000
8388608 8222.400000
16777216 16276.536000
33554432 32780.277000
67108864 65127.203000
134217728 130257.257000
268435456 261092.959000
4294967296 0.080000
8589934592 0.080000
17179869184 0.080000
34359738368 0.080000
68719476736 0.080000
137438953472 0.080000
2 0.060000
4 0.080000
8 0.100000
16 0.100000
32 0.110000
64 0.130000
128 0.190000
256 0.310000
512 0.550000
1024 1.040000
2048 2.000000
4096 3.940000
8192 7.810000
16384 15.521000
32768 30.981000
65536 61.902000
131072 133.603000
262144 247.526000
524288 496.183000
1048576 1032.198000
2097152 2059.875000
4194304 4146.120000
8388608 8162.427000
16777216 16308.075000
33554432 32488.785000
67108864 65428.712000
134217728 130539.656000
268435456 261100.822000
4294967296 0.070000
8589934592 0.070000
17179869184 0.070000
34359738368 0.080000
68719476736 0.080000
137438953472 0.080000
2 0.080000
4 0.080000
8 0.100000
16 0.100000
32 0.110000
64 0.120000
128 0.190000
256 0.310000
512 0.550000
1024 1.030000
2048 1.990000
4096 3.940000
8192 7.800000
16384 15.520000
32768 30.981000
65536 61.901000
131072 123.694000
262144 257.467000
524288 503.344000
1048576 1010.537000
2097152 2095.295000
4194304 4103.729000
8388608 8142.517000
16777216 16462.618000
33554432 32969.317000
67108864 65832.083000
134217728 130357.118000
268435456 261107.177000
4294967296 0.070000
8589934592 0.080000
17179869184 0.080000
34359738368 0.090000
68719476736 0.070000
137438953472 0.070000
2 0.070000
4 0.080000
8 0.090000
16 0.100000
32 0.120000
64 0.130000
128 0.190000
256 0.310000
512 0.550000
1024 1.030000
2048 2.010000
4096 3.940000
8192 7.800000
16384 15.520000
32768 55.241000
65536 62.001000
131072 123.693000
262144 256.737000
524288 503.954000
1048576 1020.397000
2097152 2051.885000
4194304 4126.621000
8388608 8154.399000
16777216 16229.276000
33554432 32577.174000
67108864 65688.903000
134217728 130844.272000
268435456 260624.804000
4294967296 0.070000
8589934592 0.070000
17179869184 0.070000
34359738368 0.080000
68719476736 0.080000
137438953472 0.090000
2 0.110000
4 0.090000
8 0.100000
16 0.110000
32 0.110000
64 0.130000
128 0.190000
256 0.310000
512 0.550000
1024 1.030000
2048 2.010000
4096 3.930000
8192 7.801000
16384 15.521000
32768 31.021000
65536 67.162000
131072 123.783000
262144 247.676000
524288 487.333000
1048576 1004.757000
2097152 2036.785000
4194304 4095.309000
8388608 8162.797000
16777216 16440.527000
33554432 32674.990000
67108864 64983.459000
134217728 130076.252000
268435456 261017.186000
4294967296 0.080000
8589934592 0.080000
17179869184 0.070000
34359738368 0.080000
68719476736 0.080000
137438953472 0.070000
2 0.070000
4 0.080000
8 0.100000
16 0.110000
32 0.110000
64 0.120000
128 0.190000
256 0.310000
512 0.550000
1024 1.040000
2048 2.000000
4096 3.930000
8192 7.790000
16384 15.520000
32768 31.001000
65536 62.322000
131072 123.693000
262144 256.516000
524288 494.673000
1048576 1008.486000
2097152 2064.545000
4194304 4107.059000
8388608 8175.696000
16777216 16287.732000
33554432 32708.987000
67108864 65057.534000
134217728 130279.324000
268435456 260808.135000
4294967296 0.080000
8589934592 0.080000
17179869184 0.080000
34359738368 0.080000
68719476736 0.080000
137438953472 0.070000
2 0.070000
4 0.100000
8 0.100000
16 0.100000
32 0.110000
64 0.130000
128 0.190000
256 0.310000
512 0.540000
1024 1.030000
2048 2.000000
4096 3.940000
8192 7.800000
16384 15.521000
32768 30.991000
65536 61.952000
131072 128.734000
262144 249.487000
524288 510.813000
1048576 1015.326000
2097152 2064.295000
4194304 4099.589000
8388608 8248.249000
16777216 16272.381000
33554432 32459.301000
67108864 65213.979000
134217728 130464.199000
268435456 261330.179000
4294967296 0.080000
8589934592 0.080000
17179869184 0.080000
34359738368 0.080000
68719476736 0.070000
137438953472 0.080000
2 0.070000
4 0.090000
8 0.100000
16 0.110000
32 0.110000
64 0.130000
128 0.190000
256 0.310000
512 0.550000
1024 1.040000
2048 1.990000
4096 3.930000
8192 7.800000
16384 15.520000
32768 32.391000
65536 61.902000
131072 123.733000
262144 247.797000
524288 500.884000
1048576 1012.037000
2097152 2058.114000
4194304 4142.860000
8388608 8215.778000
16777216 16437.766000
33554432 32525.044000
67108864 65069.998000
134217728 130426.153000
268435456 261033.890000
4294967296 0.080000
8589934592 0.080000
17179869184 0.070000
34359738368 0.080000
68719476736 0.080000
137438953472 0.080000
2 0.070000
4 0.090000
8 0.100000
16 0.110000
32 0.120000
64 0.130000
128 0.210000
256 0.310000
512 0.550000
1024 1.030000
2048 2.000000
4096 3.930000
8192 7.800000
16384 15.531000
32768 30.991000
65536 61.922000
131072 124.003000
262144 248.526000
524288 519.114000
1048576 1015.446000
2097152 2070.254000
4194304 4086.807000
8388608 8151.724000
16777216 16421.181000
33554432 32527.783000
67108864 65141.657000
134217728 130558.202000
268435456 261209.895000
4294967296 0.070000
8589934592 0.080000
17179869184 0.100000
34359738368 0.080000
68719476736 0.080000
137438953472 0.080000
2 0.090000
4 0.090000
8 0.100000
16 0.100000
32 0.130000
64 0.120000
128 0.230000
256 0.320000
512 0.570000
1024 1.040000
2048 2.000000
4096 3.931000
8192 7.800000
16384 15.510000
32768 30.991000
65536 62.142000
131072 124.043000
262144 249.826000
524288 494.623000
1048576 1015.057000
2097152 2063.545000
4194304 4123.979000
8388608 8238.119000
16777216 16453.966000
33554432 32501.752000
67108864 65155.889000
134217728 130128.793000
268435456 260647.306000
4294967296 0.110000
8589934592 0.080000
17179869184 0.070000
34359738368 0.070000
68719476736 0.080000
137438953472 0.080000
2 0.070000
4 0.080000
8 0.090000
16 0.110000
32 0.120000
64 0.130000
128 0.200000
256 0.300000
512 0.560000
1024 1.040000
2048 2.110000
4096 3.930000
8192 7.791000
16384 15.520000
32768 30.981000
65536 61.902000
131072 124.413000
262144 248.117000
524288 515.753000
1048576 1049.758000
2097152 2038.205000
4194304 4074.248000
8388608 8135.366000
16777216 16224.010000
33554432 32530.043000
67108864 65299.863000
134217728 130551.435000
268435456 260937.454000
4294967296 0.080000
8589934592 0.080000
17179869184 0.070000
34359738368 0.080000
68719476736 0.080000
137438953472 0.100000
2 0.070000
4 0.080000
8 0.130000
16 0.100000
32 0.110000
64 0.130000
128 0.200000
256 0.310000
512 0.560000
1024 1.040000
2048 2.010000
4096 3.940000
8192 7.790000
16384 15.530000
32768 30.991000
65536 80.473000
131072 124.133000
262144 247.897000
524288 506.253000
1048576 1013.337000
2097152 2045.624000
4194304 4093.439000
8388608 8211.067000
16777216 16376.875000
33554432 32630.436000
67108864 65308.433000
134217728 130301.516000
268435456 261124.897000
4294967296 0.090000
8589934592 0.070000
17179869184 0.080000
34359738368 0.080000
68719476736 0.080000
137438953472 0.100000
2 0.070000
4 0.080000
8 0.120000
16 0.110000
32 0.110000
64 0.130000
128 0.190000
256 0.300000
512 0.590000
1024 1.030000
2048 1.980000
4096 3.940000
8192 7.790000
16384 15.541000
32768 30.981000
65536 61.922000
131072 123.934000
262144 259.547000
524288 495.773000
1048576 1028.178000
2097152 2092.836000
4194304 4070.339000
8388608 8127.827000
16777216 16370.748000
33554432 32498.730000
67108864 65075.221000
134217728 130065.900000
268435456 260525.570000
4294967296 0.080000
8589934592 0.070000
17179869184 0.100000
34359738368 0.080000
68719476736 0.100000
137438953472 0.080000
2 0.070000
4 0.090000
8 0.110000
16 0.100000
32 0.110000
64 0.130000
128 0.190000
256 0.310000
512 0.550000
1024 1.030000
2048 2.000000
4096 3.930000
8192 7.800000
16384 15.630000
32768 30.991000
65536 61.921000
131072 123.963000
262144 249.836000
524288 494.494000
1048576 1028.418000
2097152 2064.036000
4194304 4177.413000
8388608 8153.281000
16777216 16302.283000
33554432 32849.853000
67108864 65544.732000
134217728 130634.170000
268435456 260794.637000
4294967296 0.080000
8589934592 0.080000
17179869184 0.080000
34359738368 0.080000
68719476736 0.080000
137438953472 0.070000
2 0.080000
4 0.090000
8 0.090000
16 0.100000
32 0.120000
64 0.120000
128 0.190000
256 0.310000
512 0.550000
1024 1.040000
2048 2.000000
4096 3.930000
8192 7.800000
16384 15.521000
32768 30.991000
65536 62.171000
131072 123.814000
262144 249.347000
524288 521.985000
1048576 1018.148000
2097152 2048.986000
4194304 4116.963000
8388608 8212.925000
16777216 16322.336000
33554432 32890.270000
67108864 65306.146000
134217728 130215.771000
268435456 261249.454000
4294967296 0.080000
8589934592 0.080000
17179869184 0.080000
34359738368 0.080000
68719476736 0.070000
137438953472 0.070000
2 0.070000
4 0.080000
8 0.100000
16 0.100000
32 0.120000
64 0.120000
128 0.190000
256 0.320000
512 0.550000
1024 1.030000
2048 2.000000
4096 4.920000
8192 7.800000
16384 15.520000
32768 52.491000
65536 61.952000
131072 123.793000
262144 250.096000
524288 520.144000
1048576 1008.627000
2097152 2052.544000
4194304 4139.550000
8388608 8119.866000
16777216 16371.715000
33554432 32583.555000
67108864 65170.421000
134217728 130785.884000
268435456 260739.276000
4294967296 0.070000
8589934592 0.100000
17179869184 0.070000
34359738368 0.080000
68719476736 0.080000
137438953472 0.070000
2 0.070000
4 0.080000
8 0.100000
16 0.110000
32 0.120000
64 0.120000
128 0.190000
256 0.320000
512 0.540000
1024 1.040000
2048 2.000000
4096 3.950000
8192 7.800000
16384 15.530000
32768 31.001000
65536 61.891000
131072 131.964000
262144 247.517000
524288 513.253000
1048576 1017.326000
2097152 2055.814000
4194304 4063.117000
8388608 8109.504000
16777216 16400.133000
33554432 32537.458000
67108864 65068.516000
134217728 130352.608000
268435456 261411.964000
4294967296 0.090000
8589934592 0.070000
17179869184 0.080000
34359738368 0.080000
68719476736 0.080000
137438953472 0.080000
2 0.070000
4 0.090000
8 0.100000
16 0.100000
32 0.110000
64 0.130000
128 0.190000
256 0.310000
512 0.550000
1024 1.030000
2048 2.000000
4096 3.940000
8192 7.800000
16384 15.530000
32768 30.991000
65536 61.921000
131072 124.343000
262144 247.857000
524288 494.193000
1048576 1026.717000
2097152 2057.195000
4194304 4152.051000
8388608 8189.877000
16777216 16253.622000
33554432 32610.038000
67108864 65310.357000
134217728 130479.121000
268435456 261223.149000
4294967296 0.080000
8589934592 0.080000
17179869184 0.080000
34359738368 0.070000
68719476736 0.070000
137438953472 0.070000
2 0.070000
4 0.080000
8 0.100000
16 0.100000
32 0.110000
64 0.140000
128 0.200000
256 0.310000
512 0.550000
1024 1.030000
2048 2.000000
4096 3.930000
8192 7.810000
16384 15.530000
32768 30.991000
65536 61.902000
131072 124.284000
262144 278.938000
524288 495.913000
1048576 1021.537000
2097152 2061.385000
4194304 4065.998000
8388608 8280.131000
16777216 16305.905000
33554432 32531.626000
67108864 65168.165000
134217728 130488.984000
268435456 260633.549000
4294967296 0.070000
8589934592 0.080000
17179869184 0.080000
34359738368 0.080000
68719476736 0.080000
137438953472 0.080000
2 0.070000
4 0.080000
8 0.100000
16 0.100000
32 0.120000
64 0.130000
128 0.190000
256 0.310000
512 0.550000
1024 1.040000
2048 2.000000
4096 3.930000
8192 7.790000
16384 15.520000
32768 30.991000
65536 61.911000
131072 123.843000
262144 248.726000
524288 501.154000
1048576 1012.407000
2097152 2072.676000
4194304 4107.509000
8388608 8272.661000
16777216 16293.123000
33554432 32792.123000
67108864 65030.041000
134217728 130679.549000
268435456 262282.983000
4294967296 0.080000
8589934592 0.080000
17179869184 0.080000
34359738368 0.070000
68719476736 0.080000
137438953472 0.080000
2 0.070000
4 0.110000
8 0.100000
16 0.100000
32 0.120000
64 0.130000
128 0.190000
256 0.340000
512 0.550000
1024 1.080000
2048 2.000000
4096 3.910000
8192 7.790000
16384 15.530000
32768 30.991000
65536 61.901000
131072 124.833000
262144 247.727000
524288 508.303000
1048576 1016.657000
2097152 2063.685000
4194304 4078.008000
8388608 8236.469000
16777216 16416.827000
33554432 32513.995000
67108864 65575.576000
134217728 130642.879000
268435456 261141.593000
4294967296 0.070000
8589934592 0.080000
17179869184 0.080000
34359738368 0.080000
68719476736 0.080000
137438953472 0.080000
2 0.070000
4 0.100000
8 0.100000
16 0.120000
32 0.120000
64 0.130000
128 0.190000
256 0.310000
512 0.551000
1024 1.030000
2048 2.000000
4096 3.930000
8192 7.801000
16384 15.521000
32768 30.991000
65536 61.961000
131072 123.763000
262144 247.407000
524288 494.983000
1048576 1052.218000
2097152 2050.355000
4194304 4118.569000
8388608 8236.110000
16777216 16339.555000
33554432 32546.426000
67108864 65798.892000
134217728 130694.130000
268435456 261184.874000
4294967296 0.080000
8589934592 0.080000
17179869184 0.080000
34359738368 0.070000
68719476736 0.080000
137438953472 0.080000
2 0.070000
4 0.090000
8 0.110000
16 0.110000
32 0.120000
64 0.130000
128 0.180000
256 0.310000
512 0.550000
1024 1.040000
2048 2.000000
4096 3.940000
8192 7.801000
16384 15.531000
32768 31.001000
65536 61.911000
131072 124.294000
262144 247.927000
524288 510.814000
1048576 1005.406000
2097152 2035.645000
4194304 4076.479000
8388608 8132.147000
16777216 16291.594000
33554432 32502.876000
67108864 65081.643000
134217728 130555.536000
268435456 260907.466000
4294967296 0.080000
8589934592 0.080000
17179869184 0.080000
34359738368 0.080000
68719476736 0.070000
137438953472 0.080000
2 0.070000
4 0.080000
8 0.120000
16 0.100000
32 0.110000
64 0.120000
128 0.210000
256 0.320000
512 0.550000
1024 1.030000
2048 2.000000
4096 3.940000
8192 7.800000
16384 15.531000
32768 30.991000
65536 61.901000
131072 124.043000
262144 249.596000
524288 494.233000
1048576 1020.128000
2097152 2053.425000
4194304 4079.200000
8388608 8162.140000
16777216 16291.469000
33554432 32951.289000
67108864 64995.522000
134217728 130295.581000
268435456 260576.072000
4294967296 0.080000
8589934592 0.080000
17179869184 0.080000
34359738368 0.090000
68719476736 0.070000
137438953472 0.080000
2 0.070000
4 0.090000
8 0.090000
16 0.110000
32 0.110000
64 0.130000
128 0.190000
256 0.310000
512 0.550000
1024 1.030000
2048 2.000000
4096 3.930000
8192 7.800000
16384 15.530000
32768 30.991000
65536 61.901000
131072 123.744000
262144 267.857000
524288 495.283000
1048576 1032.578000
2097152 2071.316000
4194304 4170.612000
8388608 8162.261000
16777216 16238.479000
33554432 32502.308000
67108864 65338.814000
134217728 130991.367000
268435456 261272.065000
4294967296 0.070000
8589934592 0.080000
17179869184 0.080000
34359738368 0.080000
68719476736 0.080000
137438953472 0.080000
2 0.070000
4 0.080000
8 0.100000
16 0.110000
32 0.110000
64 0.120000
128 0.200000
256 0.310000
512 0.560000
1024 1.130000
2048 2.000000
4096 3.940000
8192 7.790000
16384 15.540000
32768 30.991000
65536 61.961000
131072 124.094000
262144 256.417000
524288 513.214000
1048576 1025.738000
2097152 2071.546000
4194304 4107.381000
8388608 8136.739000
16777216 16335.649000
33554432 32746.279000
67108864 65235.390000
134217728 130698.148000
268435456 260879.730000
4294967296 0.081000
8589934592 0.070000
17179869184 0.080000
34359738368 0.070000
68719476736 0.080000
137438953472 0.070000
2 0.080000
4 0.080000
8 0.100000
16 0.100000
32 0.120000
64 0.130000
128 0.190000
256 0.310000
512 0.560000
1024 1.040000
2048 2.000000
4096 3.930000
8192 7.790000
16384 15.280000
32768 31.001000
65536 62.342000
131072 123.713000
262144 249.597000
524288 534.535000
1048576 1041.478000
2097152 2057.955000
4194304 4121.881000
8388608 8133.769000
16777216 16276.167000
33554432 32569.255000
67108864 65925.092000
134217728 130350.554000
268435456 261204.620000
