2 , 0.003140 
4 , 0.480173 
8 , 0.508193 
16 , 0.648037 
32 , 0.735539 
64 , 0.849832 
128 , 1.010427 
256 , 1.085459 
512 , 1.194421 
1024 , 1.349296 
2048 , 1.408097 
4096 , 1.513250 
8192 , 1.638683 
16384 , 1.799278 
32768 , 1.958702 
65536 , 2.134107 
131072 , 2.534657 
262144 , 3.137603 
524288 , 4.276204 
1048576 , 6.537293 
2097152 , 12.001778 
4194304 , 37.068095 
8388608 , 80.150609 
16777216 , 156.497618 
33554432 , 337.025534 
67108864 , 684.409673 
2 , 0.002040 
4 , 0.433251 
8 , 0.555895 
16 , 0.623456 
32 , 0.773600 
64 , 0.863872 
128 , 0.847262 
256 , 1.107390 
512 , 1.236973 
1024 , 1.291394 
2048 , 1.440518 
4096 , 1.525131 
8192 , 1.582372 
16384 , 1.819519 
32768 , 1.987273 
65536 , 2.145857 
131072 , 2.530828 
262144 , 2.989340 
524288 , 4.170961 
1048576 , 6.710428 
2097152 , 12.347388 
4194304 , 33.936811 
8388608 , 79.475941 
16777216 , 160.922685 
33554432 , 334.508407 
67108864 , 691.831890 
2 , 0.002040 
4 , 0.401800 
8 , 0.541105 
16 , 0.655247 
32 , 0.935145 
64 , 0.881344 
128 , 0.988476 
256 , 1.118100 
512 , 1.198572 
1024 , 1.301855 
2048 , 1.453378 
4096 , 1.551431 
8192 , 1.667084 
16384 , 1.729616 
32768 , 1.989113 
65536 , 2.071695 
131072 , 2.400684 
262144 , 3.102912 
524288 , 4.347055 
1048576 , 6.418080 
2097152 , 12.517993 
4194304 , 36.566872 
8388608 , 80.437387 
16777216 , 160.272661 
33554432 , 330.129735 
67108864 , 691.877785 
2 , 0.002000 
4 , 0.451062 
8 , 0.525183 
16 , 0.659808 
32 , 0.742560 
64 , 0.917764 
128 , 0.916004 
256 , 1.113109 
512 , 1.212842 
1024 , 1.297125 
2048 , 1.483910 
4096 , 1.472569 
8192 , 1.661274 
16384 , 1.835968 
32768 , 1.934321 
65536 , 2.201279 
131072 , 2.451075 
262144 , 3.174164 
524288 , 4.528669 
1048576 , 6.746538 
2097152 , 12.386347 
4194304 , 36.361832 
8388608 , 78.950129 
16777216 , 157.439206 
33554432 , 328.085020 
67108864 , 693.201661 
2 , 0.002130 
4 , 0.436211 
8 , 0.531794 
16 , 0.736129 
32 , 0.850612 
64 , 0.911675 
128 , 0.976706 
256 , 1.073939 
512 , 1.186812 
1024 , 1.333016 
2048 , 1.365486 
4096 , 1.544191 
8192 , 1.668864 
16384 , 1.795668 
32768 , 1.986082 
65536 , 2.175628 
131072 , 2.491056 
262144 , 2.992450 
524288 , 4.304024 
1048576 , 6.778199 
2097152 , 11.728790 
4194304 , 36.880435 
8388608 , 77.452469 
16777216 , 157.102967 
33554432 , 332.474956 
67108864 , 690.507330 
2 , 0.002070 
4 , 0.485832 
8 , 0.542114 
16 , 0.672727 
32 , 0.802821 
64 , 0.890344 
128 , 1.022597 
256 , 1.102149 
512 , 1.237843 
1024 , 1.240892 
2048 , 1.411027 
4096 , 1.540031 
8192 , 1.692985 
16384 , 1.779387 
32768 , 1.965992 
65536 , 2.199709 
131072 , 2.370793 
262144 , 3.124883 
524288 , 4.591801 
1048576 , 7.430307 
2097152 , 12.367097 
4194304 , 36.005353 
8388608 , 75.805956 
16777216 , 159.477069 
33554432 , 325.659336 
67108864 , 680.369642 
2 , 0.002380 
4 , 0.423692 
8 , 0.555094 
16 , 0.617697 
32 , 0.773201 
64 , 0.883983 
128 , 0.979626 
256 , 1.069748 
512 , 1.204962 
1024 , 1.260484 
2048 , 1.422848 
4096 , 1.560522 
8192 , 1.680845 
16384 , 1.836989 
32768 , 1.947472 
65536 , 2.188898 
131072 , 2.332922 
262144 , 3.041491 
524288 , 4.285095 
1048576 , 7.405177 
2097152 , 12.656828 
4194304 , 35.569308 
8388608 , 77.152967 
16777216 , 157.725945 
33554432 , 332.804174 
67108864 , 691.300143 
2 , 0.001870 
4 , 0.456782 
8 , 0.540364 
16 , 0.674288 
32 , 0.770351 
64 , 0.903954 
128 , 0.996407 
256 , 1.083879 
512 , 1.164511 
1024 , 1.336736 
2048 , 1.407677 
4096 , 1.589232 
8192 , 1.671605 
16384 , 1.831639 
32768 , 1.930921 
65536 , 2.101396 
131072 , 2.540698 
262144 , 3.015821 
524288 , 4.430988 
1048576 , 6.547745 
2097152 , 12.532974 
4194304 , 35.900397 
8388608 , 80.113836 
16777216 , 160.109549 
33554432 , 328.285263 
67108864 , 686.583373 
2 , 0.002640 
4 , 0.428591 
8 , 0.552544 
16 , 0.825241 
32 , 0.741299 
64 , 0.907833 
128 , 0.959275 
256 , 1.056677 
512 , 1.240822 
1024 , 1.365235 
2048 , 1.433637 
4096 , 1.524919 
8192 , 1.665162 
16384 , 1.762165 
32768 , 1.916959 
65536 , 2.124654 
131072 , 2.430942 
262144 , 3.099559 
524288 , 4.316270 
1048576 , 6.483765 
2097152 , 12.144069 
4194304 , 36.513369 
8388608 , 76.838626 
16777216 , 157.116199 
33554432 , 327.776092 
67108864 , 685.734442 
2 , 0.002361 
4 , 0.436431 
8 , 0.608506 
16 , 0.682447 
32 , 0.789550 
64 , 0.925934 
128 , 1.014136 
256 , 1.116339 
512 , 1.198161 
1024 , 1.300163 
2048 , 1.403866 
4096 , 1.565709 
8192 , 1.651343 
16384 , 1.844047 
32768 , 2.011681 
65536 , 2.197646 
131072 , 2.479423 
262144 , 2.966926 
524288 , 4.171786 
1048576 , 6.966717 
2097152 , 12.734004 
4194304 , 34.965590 
8388608 , 77.869652 
16777216 , 156.375529 
33554432 , 325.266428 
67108864 , 678.975370 
2 , 0.001890 
4 , 0.430711 
8 , 0.544444 
16 , 0.653606 
32 , 0.766670 
64 , 0.863172 
128 , 1.003386 
256 , 1.127769 
512 , 1.200750 
1024 , 1.340544 
2048 , 1.431806 
4096 , 1.549260 
8192 , 1.676803 
16384 , 1.858707 
32768 , 1.909229 
65536 , 2.151785 
131072 , 2.483344 
262144 , 3.131360 
524288 , 4.581266 
1048576 , 6.815503 
2097152 , 13.511004 
4194304 , 35.188996 
8388608 , 77.738788 
16777216 , 164.424814 
33554432 , 335.591101 
67108864 , 685.850363 
2 , 0.001930 
4 , 0.594296 
8 , 0.526424 
16 , 0.658957 
32 , 0.802072 
64 , 0.907624 
128 , 0.964596 
256 , 1.107510 
512 , 1.201372 
1024 , 1.341816 
2048 , 1.366427 
4096 , 1.572552 
8192 , 1.651024 
16384 , 1.825488 
32768 , 1.942531 
65536 , 2.199828 
131072 , 2.411934 
262144 , 3.258587 
524288 , 4.510640 
1048576 , 6.937245 
2097152 , 12.230466 
4194304 , 36.360199 
8388608 , 78.250794 
16777216 , 156.146631 
33554432 , 334.201915 
67108864 , 684.916319 
2 , 0.001850 
4 , 0.440512 
8 , 0.551115 
16 , 0.620147 
32 , 0.774381 
64 , 0.839482 
128 , 1.003127 
256 , 1.092759 
512 , 1.173651 
1024 , 1.298494 
2048 , 1.468299 
4096 , 1.498410 
8192 , 1.673845 
16384 , 1.822438 
32768 , 1.970712 
65536 , 2.188849 
131072 , 2.491457 
262144 , 3.088203 
524288 , 4.533091 
1048576 , 6.936504 
2097152 , 14.213379 
4194304 , 34.813438 
8388608 , 78.012019 
16777216 , 157.493676 
33554432 , 329.618522 
67108864 , 686.403518 
2 , 0.002101 
4 , 0.436681 
8 , 0.528254 
16 , 0.686078 
32 , 0.673918 
64 , 0.894494 
128 , 1.019088 
256 , 1.095419 
512 , 1.221873 
1024 , 1.299295 
2048 , 1.386737 
4096 , 1.529410 
8192 , 1.623083 
16384 , 1.830988 
32768 , 1.924851 
65536 , 2.153798 
131072 , 2.362873 
262144 , 3.207115 
524288 , 4.178762 
1048576 , 6.751250 
2097152 , 12.043791 
4194304 , 35.934248 
8388608 , 77.096514 
16777216 , 158.720459 
33554432 , 334.967368 
67108864 , 690.762437 
2 , 0.001890 
4 , 0.467672 
8 , 0.500693 
16 , 0.641307 
32 , 0.771810 
64 , 0.876853 
128 , 0.967375 
256 , 1.105839 
512 , 1.221362 
1024 , 1.240733 
2048 , 1.351586 
4096 , 1.463339 
8192 , 1.689225 
16384 , 1.737886 
32768 , 1.913361 
65536 , 2.199019 
131072 , 2.377803 
262144 , 3.199404 
524288 , 4.036027 
1048576 , 6.817880 
2097152 , 12.323187 
4194304 , 36.520488 
8388608 , 79.152678 
16777216 , 158.276414 
33554432 , 330.812477 
67108864 , 683.647579 
2 , 0.002060 
4 , 0.404611 
8 , 0.542025 
16 , 0.596686 
32 , 0.807361 
64 , 0.900554 
128 , 0.946365 
256 , 1.259513 
512 , 1.219862 
1024 , 1.372196 
2048 , 1.443188 
4096 , 1.529790 
8192 , 1.583902 
16384 , 1.826019 
32768 , 1.892960 
65536 , 2.191358 
131072 , 2.531207 
262144 , 3.070631 
524288 , 4.422947 
1048576 , 6.873292 
2097152 , 10.820177 
4194304 , 37.147124 
8388608 , 75.201992 
16777216 , 158.329397 
33554432 , 330.646563 
67108864 , 693.090009 
2 , 0.001920 
4 , 0.428201 
8 , 0.538364 
16 , 0.693108 
32 , 0.783621 
64 , 0.878904 
128 , 0.973146 
256 , 1.120299 
512 , 1.173431 
1024 , 1.309084 
2048 , 1.417777 
4096 , 1.524091 
8192 , 1.623083 
16384 , 1.768966 
32768 , 1.954432 
65536 , 2.128506 
131072 , 2.430124 
262144 , 3.221656 
524288 , 4.218861 
1048576 , 7.012516 
2097152 , 13.209660 
4194304 , 33.720472 
8388608 , 75.587027 
16777216 , 154.864932 
33554432 , 333.384600 
67108864 , 686.951313 
2 , 0.002390 
4 , 0.402231 
8 , 0.506753 
16 , 0.583935 
32 , 0.718299 
64 , 0.858642 
128 , 1.102240 
256 , 1.094239 
512 , 1.223742 
1024 , 1.359386 
2048 , 1.389357 
4096 , 1.570931 
8192 , 1.709795 
16384 , 1.791397 
32768 , 1.991203 
65536 , 2.079805 
131072 , 2.474306 
262144 , 3.208795 
524288 , 4.440857 
1048576 , 7.074907 
2097152 , 13.224740 
4194304 , 33.939157 
8388608 , 77.494157 
16777216 , 166.995573 
33554432 , 333.336039 
67108864 , 696.345101 
2 , 0.003300 
4 , 0.426472 
8 , 0.576225 
16 , 0.674198 
32 , 0.719159 
64 , 0.787481 
128 , 1.005936 
256 , 1.108250 
512 , 1.139900 
1024 , 1.308335 
2048 , 1.406517 
4096 , 1.488600 
8192 , 1.706205 
16384 , 1.754336 
32768 , 1.916931 
65536 , 2.168897 
131072 , 2.563938 
262144 , 3.191604 
524288 , 4.579921 
1048576 , 6.226524 
2097152 , 11.229257 
4194304 , 33.838544 
8388608 , 78.928665 
16777216 , 157.128492 
33554432 , 326.192950 
67108864 , 686.283955 
2 , 0.001980 
4 , 0.442651 
8 , 0.542814 
16 , 0.606086 
32 , 0.765391 
64 , 0.845892 
128 , 0.959805 
256 , 1.048868 
512 , 1.218112 
1024 , 1.325615 
2048 , 1.420377 
4096 , 1.556341 
8192 , 1.694474 
16384 , 1.768087 
32768 , 1.960632 
65536 , 2.138836 
131072 , 2.422624 
262144 , 3.069511 
524288 , 4.584241 
1048576 , 6.880572 
2097152 , 13.284301 
4194304 , 36.214147 
8388608 , 78.137275 
16777216 , 159.290639 
33554432 , 333.290327 
67108864 , 694.493182 
2 , 0.002020 
4 , 0.456382 
8 , 0.527274 
16 , 0.629646 
32 , 0.768700 
64 , 0.900883 
128 , 0.997396 
256 , 1.040767 
512 , 1.201691 
1024 , 1.313065 
2048 , 1.426007 
4096 , 1.515480 
8192 , 1.606922 
16384 , 1.838929 
32768 , 1.875640 
65536 , 2.066334 
131072 , 2.476356 
262144 , 3.235886 
524288 , 4.363395 
1048576 , 6.590564 
2097152 , 12.414898 
4194304 , 35.418356 
8388608 , 77.870228 
16777216 , 157.613205 
33554432 , 332.426454 
67108864 , 690.316882 
2 , 0.002320 
4 , 0.460563 
8 , 0.551115 
16 , 0.666138 
32 , 0.767971 
64 , 0.842952 
128 , 1.010386 
256 , 1.128270 
512 , 1.195802 
1024 , 1.249103 
2048 , 1.379956 
4096 , 1.536681 
8192 , 1.667114 
16384 , 1.811088 
32768 , 1.899810 
65536 , 2.031304 
131072 , 2.428225 
262144 , 3.201345 
524288 , 4.311194 
1048576 , 7.273832 
2097152 , 12.804198 
4194304 , 37.047229 
8388608 , 77.633461 
16777216 , 159.385092 
33554432 , 333.006160 
67108864 , 693.111186 
2 , 0.002051 
4 , 0.420241 
8 , 0.545885 
16 , 0.672787 
32 , 0.758380 
64 , 0.892144 
128 , 0.990627 
256 , 1.086069 
512 , 1.147940 
1024 , 1.283023 
2048 , 1.413048 
4096 , 1.571771 
8192 , 1.688385 
16384 , 1.839139 
32768 , 2.072815 
65536 , 2.205609 
131072 , 2.497316 
262144 , 3.160423 
524288 , 4.226262 
1048576 , 6.980775 
2097152 , 12.732158 
4194304 , 33.534010 
8388608 , 74.794065 
16777216 , 161.735001 
33554432 , 333.228889 
67108864 , 694.319969 
2 , 0.002290 
4 , 0.442961 
8 , 0.579405 
16 , 0.638417 
32 , 0.744620 
64 , 0.887064 
128 , 0.980596 
256 , 1.109919 
512 , 1.213522 
1024 , 1.341826 
2048 , 1.415908 
4096 , 1.571461 
8192 , 1.658924 
16384 , 1.858030 
32768 , 1.878580 
65536 , 2.095116 
131072 , 2.485026 
262144 , 3.147623 
524288 , 4.431778 
1048576 , 7.346455 
2097152 , 13.150119 
4194304 , 34.863755 
8388608 , 78.478052 
16777216 , 156.902192 
33554432 , 331.279918 
67108864 , 702.832044 
2 , 0.002300 
4 , 0.447852 
8 , 0.550364 
16 , 0.633187 
32 , 0.727619 
64 , 0.868893 
128 , 1.018537 
256 , 1.096369 
512 , 1.188162 
1024 , 1.260844 
2048 , 1.360256 
4096 , 1.534901 
8192 , 1.668495 
16384 , 1.783167 
32768 , 1.995932 
65536 , 2.193268 
131072 , 2.485986 
262144 , 3.178325 
524288 , 4.145980 
1048576 , 6.864592 
2097152 , 13.073676 
4194304 , 36.985191 
8388608 , 77.260999 
16777216 , 160.269322 
33554432 , 332.568056 
67108864 , 684.337811 
2 , 0.002460 
4 , 0.447202 
8 , 0.538274 
16 , 0.664158 
32 , 0.738550 
64 , 0.872753 
128 , 1.004196 
256 , 1.080109 
512 , 1.206862 
1024 , 1.250923 
2048 , 1.376137 
4096 , 1.575942 
8192 , 1.667465 
16384 , 1.753037 
32768 , 1.895840 
65536 , 2.080205 
131072 , 2.371713 
262144 , 3.178964 
524288 , 4.198671 
1048576 , 7.060067 
2097152 , 12.261286 
4194304 , 37.447234 
8388608 , 77.429927 
16777216 , 160.483104 
33554432 , 330.836450 
67108864 , 696.461953 
2 , 0.001871 
4 , 0.465153 
8 , 0.579025 
16 , 0.640037 
32 , 0.713869 
64 , 1.007266 
128 , 0.966246 
256 , 1.139761 
512 , 1.254154 
1024 , 1.282364 
2048 , 1.384016 
4096 , 1.465899 
8192 , 1.637783 
16384 , 1.776757 
32768 , 1.853280 
65536 , 2.210529 
131072 , 2.434524 
262144 , 3.343428 
524288 , 4.425527 
1048576 , 7.386886 
2097152 , 11.926677 
4194304 , 36.100729 
8388608 , 80.064487 
16777216 , 156.805745 
33554432 , 334.220489 
67108864 , 693.765531 
2 , 0.001840 
4 , 0.451102 
8 , 0.514003 
16 , 0.667698 
32 , 0.785690 
64 , 0.806441 
128 , 0.969666 
256 , 1.124770 
512 , 1.223423 
1024 , 1.291355 
2048 , 1.383567 
4096 , 1.555631 
8192 , 1.641893 
16384 , 1.777437 
32768 , 1.892280 
65536 , 2.241169 
131072 , 2.466566 
262144 , 2.996780 
524288 , 4.560501 
1048576 , 6.543844 
2097152 , 13.454797 
4194304 , 36.217332 
8388608 , 77.236160 
16777216 , 161.683393 
33554432 , 333.958679 
67108864 , 691.293663 
2 , 0.001900 
4 , 0.411111 
8 , 0.560755 
16 , 0.603306 
32 , 0.755311 
64 , 0.852073 
128 , 1.010067 
256 , 1.121120 
512 , 1.205002 
1024 , 1.335266 
2048 , 1.376797 
4096 , 1.547152 
8192 , 1.599223 
16384 , 1.825618 
32768 , 1.942652 
65536 , 2.047654 
131072 , 2.507777 
262144 , 3.026231 
524288 , 4.446749 
1048576 , 7.062058 
2097152 , 12.171634 
4194304 , 37.824599 
8388608 , 79.677185 
16777216 , 159.039733 
33554432 , 337.043362 
67108864 , 687.480662 
2 , 0.001980 
4 , 0.432291 
8 , 0.549544 
16 , 0.648508 
32 , 0.780301 
64 , 0.876813 
128 , 0.968096 
256 , 1.077029 
512 , 1.219873 
1024 , 1.293775 
2048 , 1.417878 
4096 , 1.538681 
8192 , 1.635624 
16384 , 1.819178 
32768 , 1.883951 
65536 , 2.134117 
131072 , 2.461846 
262144 , 3.118273 
524288 , 4.127080 
1048576 , 6.583625 
2097152 , 12.092693 
4194304 , 38.180158 
8388608 , 79.032208 
16777216 , 157.053790 
33554432 , 330.278252 
67108864 , 686.193835 
2 , 0.002100 
4 , 0.436402 
8 , 0.493553 
16 , 0.646627 
32 , 0.811761 
64 , 0.901134 
128 , 1.023477 
256 , 1.130580 
512 , 1.235273 
1024 , 1.332236 
2048 , 1.404088 
4096 , 1.547171 
8192 , 1.692685 
16384 , 1.727826 
32768 , 1.974803 
65536 , 2.078256 
131072 , 2.523718 
262144 , 3.314218 
524288 , 4.414908 
1048576 , 6.875273 
2097152 , 12.805920 
4194304 , 32.276789 
8388608 , 74.146193 
16777216 , 157.380077 
33554432 , 325.117630 
67108864 , 696.566532 
2 , 0.001790 
4 , 0.463342 
8 , 0.554455 
16 , 0.695659 
32 , 0.774400 
64 , 0.904374 
128 , 1.004157 
256 , 1.070708 
512 , 1.189721 
1024 , 1.298145 
2048 , 1.456959 
4096 , 1.575941 
8192 , 1.650404 
16384 , 1.760857 
32768 , 1.963832 
65536 , 2.095546 
131072 , 2.430605 
262144 , 3.017860 
524288 , 4.497240 
1048576 , 6.710459 
2097152 , 13.060337 
4194304 , 37.121218 
8388608 , 79.424543 
16777216 , 160.256424 
33554432 , 329.469615 
67108864 , 697.319922 
2 , 0.002010 
4 , 0.465972 
8 , 0.535884 
16 , 0.683589 
32 , 0.732459 
64 , 0.851662 
128 , 0.995916 
256 , 1.136450 
512 , 1.155591 
1024 , 1.311255 
2048 , 1.423298 
4096 , 1.481350 
8192 , 1.656584 
16384 , 1.795527 
32768 , 2.009973 
65536 , 2.253200 
131072 , 2.431224 
262144 , 3.261506 
524288 , 4.717665 
1048576 , 6.362279 
2097152 , 11.630390 
4194304 , 37.526998 
8388608 , 79.282929 
16777216 , 162.243516 
33554432 , 333.437281 
67108864 , 694.915443 
2 , 0.001960 
4 , 0.419962 
8 , 0.539625 
16 , 0.696259 
32 , 0.716719 
64 , 0.887584 
128 , 0.969007 
256 , 1.097570 
512 , 1.224974 
1024 , 1.330567 
2048 , 1.425739 
4096 , 1.549892 
8192 , 1.668276 
16384 , 1.828639 
32768 , 1.920572 
65536 , 2.230691 
131072 , 2.438817 
262144 , 3.269879 
524288 , 4.469842 
1048576 , 6.406375 
2097152 , 12.783129 
4194304 , 35.747207 
8388608 , 76.641724 
16777216 , 153.746700 
33554432 , 323.638501 
67108864 , 688.753604 
2 , 0.001850 
4 , 0.420501 
8 , 0.616467 
16 , 0.635148 
32 , 0.742000 
64 , 0.897774 
128 , 1.030628 
256 , 1.062669 
512 , 1.216133 
1024 , 1.374987 
2048 , 1.415309 
4096 , 1.546202 
8192 , 1.681156 
16384 , 1.805160 
32768 , 1.898082 
65536 , 2.147239 
131072 , 2.481017 
262144 , 3.174057 
524288 , 4.474462 
1048576 , 6.558519 
2097152 , 13.300454 
4194304 , 36.587290 
8388608 , 77.473396 
16777216 , 154.778998 
33554432 , 330.024015 
67108864 , 682.660448 
2 , 0.001910 
4 , 0.388310 
8 , 0.569106 
16 , 0.681558 
32 , 0.703960 
64 , 0.897745 
128 , 1.011838 
256 , 1.057019 
512 , 1.222603 
1024 , 1.355166 
2048 , 1.433859 
4096 , 1.547662 
8192 , 1.689836 
16384 , 1.803459 
32768 , 2.069076 
65536 , 2.141649 
131072 , 2.413436 
262144 , 3.152476 
524288 , 4.367339 
1048576 , 6.890289 
2097152 , 12.659636 
4194304 , 33.470419 
8388608 , 79.547723 
16777216 , 156.459137 
33554432 , 328.901741 
67108864 , 689.898587 
2 , 0.002290 
4 , 0.454652 
8 , 0.549515 
16 , 0.680138 
32 , 0.728699 
64 , 0.841013 
128 , 0.913224 
256 , 1.090909 
512 , 1.186292 
1024 , 1.301545 
2048 , 1.438269 
4096 , 1.591642 
8192 , 1.649574 
16384 , 1.798578 
32768 , 1.958182 
65536 , 2.047224 
131072 , 2.511717 
262144 , 3.271807 
524288 , 4.232673 
1048576 , 7.072618 
2097152 , 12.364140 
4194304 , 35.784514 
8388608 , 79.610202 
16777216 , 160.013347 
33554432 , 334.635754 
67108864 , 690.191664 
2 , 0.002410 
4 , 0.444122 
8 , 0.551205 
16 , 0.621437 
32 , 0.794502 
64 , 0.851872 
128 , 0.987687 
256 , 1.090089 
512 , 1.238134 
1024 , 1.293014 
2048 , 1.366046 
4096 , 1.502190 
8192 , 1.615033 
16384 , 1.815978 
32768 , 1.951302 
65536 , 2.150848 
131072 , 2.438455 
262144 , 3.110983 
524288 , 4.572832 
1048576 , 6.838612 
2097152 , 12.228746 
4194304 , 36.798551 
8388608 , 76.841929 
16777216 , 160.417237 
33554432 , 332.282121 
67108864 , 692.223028 
2 , 0.001920 
4 , 0.420532 
8 , 0.569435 
16 , 0.672858 
32 , 0.775971 
64 , 0.893154 
128 , 0.991566 
256 , 1.073889 
512 , 1.176581 
1024 , 1.252973 
2048 , 1.434738 
4096 , 1.418678 
8192 , 1.694566 
16384 , 1.781998 
32768 , 1.935172 
65536 , 2.205708 
131072 , 2.519977 
262144 , 3.138784 
524288 , 4.587632 
1048576 , 7.075609 
2097152 , 12.077462 
4194304 , 35.484436 
8388608 , 79.023487 
16777216 , 166.652591 
33554432 , 335.491340 
67108864 , 690.930082 
2 , 0.001920 
4 , 0.457993 
8 , 0.512823 
16 , 0.645347 
32 , 0.780381 
64 , 0.857823 
128 , 0.954045 
256 , 1.095619 
512 , 1.232623 
1024 , 1.275424 
2048 , 1.457939 
4096 , 1.585862 
8192 , 1.691285 
16384 , 1.735246 
32768 , 1.991694 
65536 , 2.119007 
131072 , 2.511937 
262144 , 3.131273 
524288 , 4.190792 
1048576 , 7.016767 
2097152 , 13.494600 
4194304 , 36.622256 
8388608 , 79.832308 
16777216 , 156.608983 
33554432 , 333.857387 
67108864 , 687.288475 
2 , 0.002120 
4 , 0.458022 
8 , 0.506363 
16 , 0.679248 
32 , 0.763260 
64 , 0.880694 
128 , 0.950835 
256 , 1.072758 
512 , 1.211902 
1024 , 1.208582 
2048 , 1.422518 
4096 , 1.551091 
8192 , 1.645804 
16384 , 1.777098 
32768 , 1.918991 
65536 , 2.218119 
131072 , 2.604849 
262144 , 3.152954 
524288 , 4.438069 
1048576 , 6.919084 
2097152 , 11.683941 
4194304 , 36.349679 
8388608 , 79.521339 
16777216 , 160.888687 
33554432 , 331.820023 
67108864 , 682.689384 
2 , 0.001950 
4 , 0.450162 
8 , 0.552205 
16 , 0.650378 
32 , 0.797271 
64 , 0.875683 
128 , 0.977046 
256 , 1.097549 
512 , 1.169991 
1024 , 1.266064 
2048 , 1.385517 
4096 , 1.516010 
8192 , 1.682825 
16384 , 1.782738 
32768 , 1.957032 
65536 , 2.201439 
131072 , 2.318692 
262144 , 3.064872 
524288 , 4.234563 
1048576 , 6.934566 
2097152 , 13.027027 
4194304 , 38.217421 
8388608 , 78.253450 
16777216 , 156.693233 
33554432 , 330.602717 
67108864 , 685.545874 
2 , 0.001980 
4 , 0.436272 
8 , 0.561845 
16 , 0.647188 
32 , 0.762451 
64 , 0.833763 
128 , 0.983127 
256 , 1.081269 
512 , 1.147420 
1024 , 1.309515 
2048 , 1.389657 
4096 , 1.580982 
8192 , 1.648854 
16384 , 1.779638 
32768 , 1.985143 
65536 , 2.094856 
131072 , 2.459756 
262144 , 3.144214 
524288 , 4.058828 
1048576 , 7.389567 
2097152 , 12.895645 
4194304 , 36.823323 
8388608 , 76.402420 
16777216 , 157.837894 
33554432 , 331.650645 
67108864 , 681.875666 
2 , 0.002221 
4 , 0.412411 
8 , 0.507174 
16 , 0.671838 
32 , 0.777841 
64 , 0.874334 
128 , 0.968276 
256 , 1.130910 
512 , 1.224163 
1024 , 1.383306 
2048 , 1.433979 
4096 , 1.524241 
8192 , 1.682284 
16384 , 1.729556 
32768 , 1.900301 
65536 , 2.154697 
131072 , 2.368624 
262144 , 3.130403 
524288 , 4.656005 
1048576 , 6.708159 
2097152 , 12.337449 
4194304 , 34.769828 
8388608 , 79.392610 
16777216 , 162.941860 
33554432 , 332.939749 
67108864 , 684.518185 
2 , 0.001870 
4 , 0.459043 
8 , 0.549755 
16 , 0.620487 
32 , 0.868933 
64 , 0.897794 
128 , 0.994756 
256 , 1.095079 
512 , 1.153121 
1024 , 1.349086 
2048 , 1.449118 
4096 , 1.463499 
8192 , 1.690385 
16384 , 1.810788 
32768 , 1.891150 
65536 , 2.128036 
131072 , 2.488477 
262144 , 2.982990 
524288 , 4.601543 
1048576 , 7.408557 
2097152 , 12.880903 
4194304 , 35.672680 
8388608 , 78.371019 
16777216 , 157.141778 
33554432 , 326.095252 
67108864 , 702.847113 
2 , 0.002380 
4 , 0.471733 
8 , 0.510984 
16 , 0.633067 
32 , 0.795601 
64 , 0.891713 
128 , 0.976096 
256 , 1.041558 
512 , 1.198692 
1024 , 1.326866 
2048 , 1.363946 
4096 , 1.586313 
8192 , 1.672535 
16384 , 1.842799 
32768 , 1.995663 
65536 , 2.069575 
131072 , 2.402185 
262144 , 3.141884 
524288 , 4.752326 
1048576 , 7.054528 
2097152 , 13.297124 
4194304 , 36.079801 
8388608 , 74.659460 
16777216 , 160.713094 
33554432 , 330.205461 
67108864 , 696.160795 
2 , 0.001940 
4 , 0.443731 
8 , 0.582545 
16 , 0.642477 
32 , 0.743959 
64 , 0.894364 
128 , 0.992136 
256 , 1.096939 
512 , 1.224943 
1024 , 1.245983 
2048 , 1.440749 
4096 , 1.541481 
8192 , 1.720826 
16384 , 1.836099 
32768 , 2.073125 
65536 , 2.168158 
131072 , 2.574388 
262144 , 3.038141 
524288 , 4.335465 
1048576 , 7.232293 
2097152 , 12.074112 
4194304 , 36.206435 
8388608 , 79.105249 
16777216 , 160.289962 
33554432 , 323.534073 
67108864 , 694.800542 
2 , 0.001940 
4 , 0.430751 
8 , 0.527195 
16 , 0.663417 
32 , 0.791971 
64 , 0.905105 
128 , 1.007166 
256 , 1.063748 
512 , 1.218323 
1024 , 1.313295 
2048 , 1.399197 
4096 , 1.565332 
8192 , 1.658934 
16384 , 1.810688 
32768 , 1.950132 
65536 , 2.104006 
131072 , 2.431495 
262144 , 3.165255 
524288 , 4.538851 
1048576 , 6.764881 
2097152 , 12.668628 
4194304 , 36.508546 
8388608 , 76.859204 
16777216 , 155.320059 
33554432 , 331.657521 
67108864 , 691.895974 
2 , 0.002580 
4 , 0.439721 
8 , 0.560505 
16 , 0.693838 
32 , 0.808321 
64 , 0.980916 
128 , 1.032698 
256 , 1.110819 
512 , 1.180471 
1024 , 1.307345 
2048 , 1.443498 
4096 , 1.530621 
8192 , 1.683035 
16384 , 1.819019 
32768 , 1.906171 
65536 , 2.134687 
131072 , 2.479737 
262144 , 3.184945 
524288 , 4.325026 
1048576 , 6.656647 
2097152 , 12.783942 
4194304 , 36.464954 
8388608 , 76.966737 
16777216 , 160.019805 
33554432 , 337.009604 
67108864 , 687.173198 
2 , 0.002940 
4 , 0.457792 
8 , 0.533075 
16 , 0.661877 
32 , 0.770290 
64 , 0.893084 
128 , 1.005466 
256 , 1.098060 
512 , 1.232263 
1024 , 1.307185 
2048 , 1.430358 
4096 , 1.556902 
8192 , 1.721146 
16384 , 1.709046 
32768 , 1.916801 
65536 , 2.194188 
131072 , 2.467856 
262144 , 3.201736 
524288 , 4.462019 
1048576 , 7.387707 
2097152 , 11.960379 
4194304 , 32.893499 
8388608 , 77.782498 
16777216 , 157.185119 
33554432 , 333.015267 
67108864 , 684.360036 
2 , 0.002431 
4 , 0.445091 
8 , 0.520003 
16 , 0.665507 
32 , 0.831522 
64 , 0.835582 
128 , 0.908414 
256 , 1.145890 
512 , 1.190171 
1024 , 1.363365 
2048 , 1.456868 
4096 , 1.583841 
8192 , 1.720865 
16384 , 1.807877 
32768 , 1.873919 
65536 , 2.161386 
131072 , 2.546046 
262144 , 3.347268 
524288 , 4.243811 
1048576 , 6.035808 
2097152 , 12.576637 
4194304 , 38.729588 
8388608 , 83.377231 
16777216 , 166.787612 
33554432 , 346.783381 
67108864 , 727.952382 
2 , 0.002870 
4 , 0.339429 
8 , 0.509263 
16 , 0.636107 
32 , 0.735509 
64 , 0.810931 
128 , 0.953134 
256 , 1.076778 
512 , 1.153130 
1024 , 1.276703 
2048 , 1.382195 
4096 , 1.526370 
8192 , 1.582591 
16384 , 1.764466 
32768 , 1.950261 
65536 , 2.063404 
131072 , 2.359651 
262144 , 3.064850 
524288 , 4.389183 
1048576 , 6.398997 
2097152 , 13.539851 
4194304 , 38.731024 
8388608 , 81.462702 
16777216 , 167.004529 
33554432 , 343.341991 
67108864 , 723.872977 
2 , 0.003400 
4 , 0.415231 
8 , 0.524224 
16 , 0.633276 
32 , 0.746730 
64 , 0.869913 
128 , 0.992625 
256 , 1.093248 
512 , 1.136860 
1024 , 1.345385 
2048 , 1.354155 
4096 , 1.387456 
8192 , 1.665883 
16384 , 1.757495 
32768 , 1.925980 
65536 , 2.067003 
131072 , 2.392282 
262144 , 3.133591 
524288 , 4.317872 
1048576 , 7.112235 
2097152 , 12.480343 
4194304 , 37.795640 
8388608 , 81.493343 
16777216 , 169.815162 
33554432 , 340.819396 
67108864 , 758.329694 
2 , 0.002290 
4 , 0.425241 
8 , 0.562954 
16 , 0.688147 
32 , 0.759169 
64 , 0.904613 
128 , 1.038427 
256 , 1.070747 
512 , 1.180460 
1024 , 1.273413 
2048 , 1.385515 
4096 , 1.569130 
8192 , 1.668952 
16384 , 1.786265 
32768 , 2.023872 
65536 , 2.238806 
131072 , 2.391791 
262144 , 3.181631 
524288 , 4.527995 
1048576 , 7.053959 
2097152 , 12.878887 
4194304 , 38.526936 
8388608 , 82.904401 
16777216 , 164.924008 
33554432 , 348.798238 
67108864 , 723.884522 
2 , 0.002570 
4 , 0.614916 
8 , 0.563354 
16 , 0.648496 
32 , 0.808850 
64 , 0.887982 
128 , 0.968195 
256 , 1.156969 
512 , 1.191190 
1024 , 1.306303 
2048 , 1.445277 
4096 , 1.544209 
8192 , 1.654412 
16384 , 1.853497 
32768 , 1.955639 
65536 , 2.128644 
131072 , 2.369320 
262144 , 3.189471 
524288 , 4.239107 
1048576 , 6.513995 
2097152 , 12.766153 
4194304 , 39.261745 
8388608 , 77.937635 
16777216 , 165.486553 
33554432 , 353.555508 
67108864 , 709.259901 
2 , 0.002250 
4 , 0.431951 
8 , 0.653737 
16 , 0.642987 
32 , 0.701397 
64 , 0.852432 
128 , 0.919713 
256 , 1.096358 
512 , 1.191380 
1024 , 1.291753 
2048 , 1.311713 
4096 , 1.552429 
8192 , 1.660252 
16384 , 1.836666 
32768 , 1.945040 
65536 , 2.214486 
131072 , 2.528725 
262144 , 3.083048 
524288 , 4.241427 
1048576 , 6.899235 
2097152 , 13.531932 
4194304 , 37.957702 
8388608 , 82.823608 
16777216 , 170.504020 
33554432 , 359.618352 
67108864 , 728.465284 
2 , 0.002270 
4 , 0.484932 
8 , 0.502153 
16 , 0.653687 
32 , 0.807561 
64 , 0.932893 
128 , 0.970944 
256 , 1.123458 
512 , 1.265871 
1024 , 1.263352 
2048 , 1.377924 
4096 , 1.577230 
8192 , 1.622700 
16384 , 1.826765 
32768 , 1.956089 
65536 , 2.075122 
131072 , 2.406680 
262144 , 3.226590 
524288 , 4.522803 
1048576 , 6.762329 
2097152 , 14.430921 
4194304 , 38.826470 
8388608 , 82.320858 
16777216 , 166.103441 
33554432 , 345.069373 
67108864 , 723.073970 
2 , 0.002690 
4 , 0.486412 
8 , 0.586295 
16 , 0.658246 
32 , 0.797140 
64 , 0.911713 
128 , 1.001085 
256 , 1.127878 
512 , 1.258012 
1024 , 1.317483 
2048 , 1.481327 
4096 , 1.563029 
8192 , 1.659832 
16384 , 1.839216 
32768 , 1.896238 
65536 , 2.124273 
131072 , 2.551524 
262144 , 3.253371 
524288 , 4.119023 
1048576 , 7.082967 
2097152 , 13.776714 
4194304 , 39.261251 
8388608 , 82.013529 
16777216 , 175.791013 
33554432 , 344.117019 
67108864 , 755.070529 
2 , 0.003931 
4 , 0.482182 
8 , 0.554114 
16 , 0.693787 
32 , 0.784550 
64 , 0.914202 
128 , 0.930993 
256 , 1.117998 
512 , 1.205410 
1024 , 1.290422 
2048 , 1.419805 
4096 , 1.503618 
8192 , 1.717923 
16384 , 1.789105 
32768 , 1.938668 
65536 , 2.107533 
131072 , 2.423501 
262144 , 3.060626 
524288 , 4.123342 
1048576 , 7.072617 
2097152 , 13.759894 
4194304 , 37.011925 
8388608 , 82.072101 
16777216 , 162.807608 
33554432 , 343.430349 
67108864 , 728.656580 
2 , 0.002420 
4 , 0.435678 
8 , 0.568250 
16 , 0.672562 
32 , 0.756293 
64 , 0.845485 
128 , 0.974166 
256 , 1.131309 
512 , 1.240681 
1024 , 1.377603 
2048 , 1.407874 
4096 , 1.551467 
8192 , 1.621568 
16384 , 1.780500 
32768 , 1.844901 
65536 , 2.044375 
131072 , 2.497823 
262144 , 3.212065 
524288 , 4.453306 
1048576 , 6.793716 
2097152 , 13.533431 
4194304 , 35.580128 
8388608 , 82.258745 
16777216 , 169.258752 
33554432 , 342.514272 
67108864 , 722.477283 
2 , 0.002760 
4 , 0.454732 
8 , 0.564354 
16 , 0.679558 
32 , 0.798311 
64 , 0.864092 
128 , 0.948515 
256 , 1.075897 
512 , 1.250702 
1024 , 1.327164 
2048 , 1.410836 
4096 , 1.610341 
8192 , 1.641022 
16384 , 1.786826 
32768 , 1.963760 
65536 , 2.053203 
131072 , 2.456513 
262144 , 2.999097 
524288 , 3.832099 
1048576 , 7.190915 
2097152 , 10.914470 
4194304 , 37.001449 
8388608 , 87.388761 
16777216 , 169.191708 
33554432 , 343.243650 
67108864 , 801.080892 
2 , 0.002160 
4 , 0.470454 
8 , 0.576616 
16 , 0.696950 
32 , 0.816703 
64 , 0.854324 
128 , 0.972438 
256 , 1.114592 
512 , 1.174193 
1024 , 1.306187 
2048 , 1.436471 
4096 , 1.594195 
8192 , 1.633717 
16384 , 1.763350 
32768 , 1.869234 
65536 , 2.250054 
131072 , 2.442170 
262144 , 3.082278 
524288 , 4.461246 
1048576 , 6.157595 
2097152 , 12.367971 
4194304 , 37.709881 
8388608 , 82.088133 
16777216 , 175.793755 
33554432 , 348.423500 
67108864 , 720.119561 
2 , 0.002740 
4 , 0.446123 
8 , 0.558216 
16 , 0.601087 
32 , 0.806553 
64 , 0.938207 
128 , 1.038209 
256 , 1.113751 
512 , 1.205574 
1024 , 1.347348 
2048 , 1.371149 
4096 , 1.558094 
8192 , 1.842112 
16384 , 1.866513 
32768 , 1.973266 
65536 , 2.178882 
131072 , 2.528712 
262144 , 3.145649 
524288 , 4.584340 
1048576 , 6.645999 
2097152 , 13.493393 
4194304 , 38.446112 
8388608 , 81.716452 
16777216 , 172.078400 
33554432 , 346.317760 
67108864 , 727.769690 
2 , 0.003580 
4 , 0.462463 
8 , 0.528985 
16 , 0.652308 
32 , 0.935326 
64 , 0.933607 
128 , 0.993099 
256 , 1.108691 
512 , 1.177493 
1024 , 1.348239 
2048 , 1.459802 
4096 , 1.549424 
8192 , 1.680318 
16384 , 1.799141 
32768 , 1.981757 
65536 , 2.178272 
131072 , 2.556352 
262144 , 3.331354 
524288 , 4.326722 
1048576 , 7.080282 
2097152 , 13.347249 
4194304 , 48.361155 
8388608 , 84.326716 
16777216 , 169.588028 
33554432 , 350.485061 
67108864 , 718.733010 
2 , 0.002420 
4 , 0.438011 
8 , 0.557124 
16 , 0.642947 
32 , 0.773810 
64 , 0.871782 
128 , 0.987245 
256 , 1.101748 
512 , 1.159200 
1024 , 1.377455 
2048 , 1.416786 
4096 , 1.516908 
8192 , 1.646691 
16384 , 1.811876 
32768 , 2.037632 
65536 , 2.132584 
131072 , 2.447062 
262144 , 3.125809 
524288 , 4.462413 
1048576 , 7.126011 
2097152 , 13.514884 
4194304 , 39.900284 
8388608 , 82.149218 
16777216 , 165.230930 
33554432 , 352.935822 
67108864 , 726.345533 
2 , 0.003090 
4 , 0.390720 
8 , 0.557174 
16 , 0.695038 
32 , 0.822511 
64 , 0.927144 
128 , 0.980855 
256 , 1.101358 
512 , 1.253182 
1024 , 1.292962 
2048 , 1.388395 
4096 , 1.522539 
8192 , 1.682783 
16384 , 1.808957 
32768 , 1.978931 
65536 , 2.186285 
131072 , 2.465002 
262144 , 3.172720 
524288 , 4.422293 
1048576 , 7.289036 
2097152 , 13.566735 
4194304 , 38.428787 
8388608 , 82.168189 
16777216 , 168.420341 
33554432 , 345.051461 
67108864 , 730.508739 
2 , 0.002330 
4 , 0.477022 
8 , 0.598645 
16 , 0.706878 
32 , 0.806190 
64 , 0.921833 
128 , 1.033436 
256 , 1.133949 
512 , 1.258342 
1024 , 1.360255 
2048 , 1.375065 
4096 , 1.497838 
8192 , 1.705263 
16384 , 1.841327 
32768 , 1.995061 
65536 , 2.147044 
131072 , 2.557305 
262144 , 3.110359 
524288 , 4.407972 
1048576 , 7.180953 
2097152 , 19.398323 
4194304 , 46.759679 
8388608 , 82.909527 
16777216 , 171.530920 
33554432 , 349.431566 
67108864 , 732.686280 
2 , 0.002240 
4 , 0.452033 
8 , 0.557216 
16 , 0.673220 
32 , 0.809424 
64 , 0.895075 
128 , 1.019339 
256 , 1.123673 
512 , 1.221495 
1024 , 1.303467 
2048 , 1.408841 
4096 , 1.719009 
8192 , 1.691819 
16384 , 1.822252 
32768 , 1.940767 
65536 , 2.226484 
131072 , 2.506442 
262144 , 3.262894 
524288 , 4.240093 
1048576 , 6.825327 
2097152 , 13.208322 
4194304 , 37.852883 
8388608 , 80.013782 
16777216 , 170.641660 
33554432 , 346.882613 
67108864 , 747.147627 
2 , 0.002481 
4 , 0.471063 
8 , 0.598928 
16 , 0.664279 
32 , 0.765422 
64 , 0.907576 
128 , 1.013509 
256 , 1.053980 
512 , 1.252936 
1024 , 1.333138 
2048 , 1.403470 
4096 , 1.498033 
8192 , 1.638838 
16384 , 1.788012 
32768 , 1.945086 
65536 , 2.138642 
131072 , 2.503453 
262144 , 3.228233 
524288 , 4.438789 
1048576 , 6.162988 
2097152 , 13.051277 
4194304 , 37.183315 
8388608 , 80.345292 
16777216 , 166.959524 
33554432 , 343.099563 
67108864 , 724.344202 
2 , 0.002510 
4 , 0.477582 
8 , 0.584615 
16 , 0.670557 
32 , 0.804751 
64 , 1.047047 
128 , 1.050437 
256 , 1.110249 
512 , 1.243683 
1024 , 1.336605 
2048 , 1.392737 
4096 , 1.604232 
8192 , 1.680393 
16384 , 1.797386 
32768 , 1.908289 
65536 , 2.157027 
131072 , 2.614028 
262144 , 3.147872 
524288 , 4.319332 
1048576 , 6.637542 
2097152 , 13.556742 
4194304 , 38.292282 
8388608 , 81.557382 
16777216 , 165.369172 
33554432 , 342.972152 
67108864 , 723.177377 
2 , 0.002340 
4 , 0.466103 
8 , 0.589825 
16 , 0.674977 
32 , 0.796971 
64 , 0.845032 
128 , 1.021446 
256 , 1.111559 
512 , 1.272953 
1024 , 1.375106 
2048 , 1.483478 
4096 , 1.530430 
8192 , 1.707885 
16384 , 1.810867 
32768 , 2.008282 
65536 , 2.129855 
131072 , 2.493864 
262144 , 3.102580 
524288 , 4.464826 
1048576 , 6.389836 
2097152 , 13.291194 
4194304 , 38.317693 
8388608 , 83.721088 
16777216 , 173.739879 
33554432 , 352.789975 
67108864 , 721.996427 
2 , 0.002130 
4 , 0.461182 
8 , 0.577815 
16 , 0.682978 
32 , 0.738729 
64 , 0.897533 
128 , 1.000666 
256 , 1.154890 
512 , 1.167320 
1024 , 1.283003 
2048 , 1.394387 
4096 , 1.524440 
8192 , 1.525680 
16384 , 1.816287 
32768 , 1.911470 
65536 , 2.149916 
131072 , 2.505755 
262144 , 3.127881 
524288 , 4.420725 
1048576 , 7.033642 
2097152 , 13.565481 
4194304 , 38.263890 
8388608 , 101.846447 
16777216 , 171.516711 
33554432 , 349.469139 
67108864 , 722.835759 
2 , 0.002070 
4 , 0.422224 
8 , 0.597450 
16 , 0.681733 
32 , 0.804896 
64 , 0.937891 
128 , 1.008993 
256 , 1.093036 
512 , 1.198740 
1024 , 1.363925 
2048 , 1.471929 
4096 , 1.695777 
8192 , 1.716508 
16384 , 1.822111 
32768 , 1.912294 
65536 , 2.141972 
131072 , 2.524704 
262144 , 3.176266 
524288 , 4.175089 
1048576 , 6.997993 
2097152 , 12.517387 
4194304 , 37.890262 
8388608 , 83.398910 
16777216 , 169.399295 
33554432 , 353.648894 
67108864 , 730.244095 
2 , 0.002060 
4 , 0.427781 
8 , 0.570855 
16 , 0.659307 
32 , 0.819722 
64 , 0.921574 
128 , 0.969375 
256 , 1.144600 
512 , 1.254353 
1024 , 1.374566 
2048 , 1.381686 
4096 , 1.437647 
8192 , 1.703474 
16384 , 1.830598 
32768 , 1.941391 
65536 , 2.205217 
131072 , 2.507675 
262144 , 2.991297 
524288 , 4.232139 
1048576 , 6.705064 
2097152 , 13.863750 
4194304 , 39.255419 
8388608 , 78.553570 
16777216 , 200.640980 
33554432 , 342.865194 
67108864 , 727.519083 
2 , 0.002270 
4 , 0.387390 
8 , 0.585695 
16 , 0.686738 
32 , 0.821451 
64 , 0.922804 
128 , 0.976685 
256 , 1.101099 
512 , 1.201661 
1024 , 1.371215 
2048 , 1.444827 
4096 , 1.564641 
8192 , 1.624782 
16384 , 1.785397 
32768 , 1.953000 
65536 , 2.109645 
131072 , 2.474034 
262144 , 3.197903 
524288 , 4.192519 
1048576 , 6.763735 
2097152 , 12.578917 
4194304 , 38.213822 
8388608 , 77.581085 
16777216 , 166.278528 
33554432 , 349.310406 
67108864 , 729.487077 
2 , 0.002060 
4 , 0.495654 
8 , 0.547725 
16 , 0.657488 
32 , 0.783962 
64 , 0.870834 
128 , 0.992427 
256 , 1.116311 
512 , 1.165742 
1024 , 1.296385 
2048 , 1.434679 
4096 , 1.542222 
8192 , 1.660115 
16384 , 1.835891 
32768 , 1.868681 
65536 , 2.032166 
131072 , 2.411856 
262144 , 3.132836 
524288 , 4.679958 
1048576 , 7.308780 
2097152 , 13.203221 
4194304 , 38.101843 
8388608 , 83.469696 
16777216 , 168.739152 
33554432 , 350.443457 
67108864 , 725.825957 
2 , 0.002250 
4 , 0.451502 
8 , 0.548875 
16 , 0.665738 
32 , 0.814252 
64 , 0.845133 
128 , 1.033349 
256 , 1.069750 
512 , 1.181212 
1024 , 1.374648 
2048 , 1.432260 
4096 , 1.511831 
8192 , 1.692657 
16384 , 1.804769 
32768 , 1.951293 
65536 , 2.214481 
131072 , 2.502378 
262144 , 3.122086 
524288 , 4.533574 
1048576 , 6.459217 
2097152 , 12.948875 
4194304 , 38.940216 
8388608 , 82.280873 
16777216 , 165.394929 
33554432 , 346.874780 
67108864 , 722.736949 
2 , 0.002740 
4 , 0.468092 
8 , 0.554284 
16 , 0.702658 
32 , 0.830091 
64 , 0.918514 
128 , 0.970316 
256 , 1.067868 
512 , 1.244943 
1024 , 1.356655 
2048 , 1.470088 
4096 , 1.560991 
8192 , 1.695774 
16384 , 1.813687 
32768 , 1.939930 
65536 , 2.134766 
131072 , 2.498585 
262144 , 3.271545 
524288 , 4.348693 
1048576 , 7.164786 
2097152 , 13.767819 
4194304 , 38.842428 
8388608 , 78.226141 
16777216 , 170.541681 
33554432 , 350.078346 
67108864 , 713.819768 
2 , 0.003170 
4 , 0.449003 
8 , 0.570716 
16 , 0.642008 
32 , 0.733040 
64 , 0.866804 
128 , 1.006308 
256 , 1.067760 
512 , 1.211814 
1024 , 1.297677 
2048 , 1.487902 
4096 , 1.585505 
8192 , 1.653887 
16384 , 1.849612 
32768 , 1.961026 
65536 , 2.153181 
131072 , 2.422808 
262144 , 3.015905 
524288 , 4.544229 
1048576 , 6.834143 
2097152 , 13.616995 
4194304 , 38.251861 
8388608 , 83.959733 
16777216 , 165.520479 
33554432 , 348.750788 
67108864 , 720.396353 
2 , 0.002510 
4 , 0.492163 
8 , 0.535064 
16 , 0.658377 
32 , 0.772291 
64 , 0.855052 
128 , 1.005347 
256 , 1.058227 
512 , 1.268344 
1024 , 1.364536 
2048 , 1.472539 
4096 , 1.569651 
8192 , 1.706945 
16384 , 1.783837 
32768 , 1.989392 
65536 , 2.174637 
131072 , 2.481905 
262144 , 3.198654 
524288 , 4.150629 
1048576 , 7.304942 
2097152 , 14.218954 
4194304 , 39.162279 
8388608 , 84.255443 
16777216 , 165.424816 
33554432 , 351.719770 
67108864 , 730.327421 
2 , 0.002220 
4 , 0.395590 
8 , 0.622197 
16 , 0.658128 
32 , 0.810292 
64 , 0.890914 
128 , 0.899894 
256 , 1.135091 
512 , 1.267334 
1024 , 1.310055 
2048 , 1.460909 
4096 , 1.588652 
8192 , 1.699405 
16384 , 1.837719 
32768 , 1.966762 
65536 , 2.216880 
131072 , 2.531617 
262144 , 3.235916 
524288 , 4.252743 
1048576 , 6.570055 
2097152 , 13.886080 
4194304 , 38.405354 
8388608 , 83.313101 
16777216 , 173.775713 
33554432 , 343.381825 
67108864 , 758.797591 
2 , 0.002040 
4 , 0.462952 
8 , 0.599256 
16 , 0.653588 
32 , 0.831182 
64 , 0.874973 
128 , 0.985226 
256 , 1.115690 
512 , 1.213472 
1024 , 1.271684 
2048 , 1.446208 
4096 , 1.459089 
8192 , 1.664234 
16384 , 1.857019 
32768 , 1.924931 
65536 , 2.173168 
131072 , 2.601320 
262144 , 3.314098 
524288 , 4.368566 
1048576 , 7.317885 
2097152 , 13.312465 
4194304 , 37.124950 
8388608 , 84.449831 
16777216 , 167.297671 
33554432 , 346.889158 
67108864 , 719.931574 
2 , 0.002170 
4 , 0.485233 
8 , 0.577845 
16 , 0.663697 
32 , 0.818872 
64 , 0.865563 
128 , 1.016037 
256 , 1.150890 
512 , 1.238193 
1024 , 1.354606 
2048 , 1.431338 
4096 , 1.558002 
8192 , 1.669765 
16384 , 1.846159 
32768 , 2.020044 
65536 , 2.250800 
131072 , 2.467626 
262144 , 3.044301 
524288 , 4.471399 
1048576 , 6.300438 
2097152 , 13.755157 
4194304 , 38.829296 
8388608 , 82.205492 
16777216 , 164.869825 
33554432 , 349.928140 
67108864 , 716.917474 
2 , 0.002021 
4 , 0.440952 
8 , 0.498363 
16 , 0.628517 
32 , 0.760710 
64 , 0.725620 
128 , 0.978446 
256 , 1.122900 
512 , 1.208922 
1024 , 1.281784 
2048 , 1.430998 
4096 , 1.487940 
8192 , 1.698905 
16384 , 1.770547 
32768 , 1.894341 
65536 , 2.203459 
131072 , 2.452925 
262144 , 3.124323 
524288 , 4.365947 
1048576 , 6.929884 
2097152 , 12.844502 
4194304 , 39.057101 
8388608 , 82.128030 
16777216 , 166.589301 
33554432 , 355.118298 
67108864 , 721.807034 
2 , 0.002360 
4 , 0.427901 
8 , 0.568805 
16 , 0.667657 
32 , 0.832603 
64 , 0.857013 
128 , 1.015557 
256 , 1.133730 
512 , 1.171241 
1024 , 1.414638 
2048 , 1.504920 
4096 , 1.572492 
8192 , 1.700115 
16384 , 1.715415 
32768 , 2.006664 
65536 , 2.184548 
131072 , 2.571909 
262144 , 3.060142 
524288 , 4.444629 
1048576 , 6.860233 
2097152 , 12.024131 
4194304 , 38.996830 
8388608 , 83.807985 
16777216 , 170.063874 
33554432 , 349.531469 
67108864 , 722.133712 
2 , 0.002690 
4 , 0.458142 
8 , 0.521554 
16 , 0.681318 
32 , 0.811071 
64 , 0.891664 
128 , 0.987967 
256 , 1.126120 
512 , 1.286104 
1024 , 1.363182 
2048 , 1.458345 
4096 , 1.560497 
8192 , 1.638758 
16384 , 1.832083 
32768 , 1.955536 
65536 , 2.178471 
131072 , 2.552530 
262144 , 3.243317 
524288 , 4.247181 
1048576 , 6.701998 
2097152 , 13.496579 
4194304 , 39.728058 
8388608 , 81.980676 
16777216 , 165.051018 
33554432 , 349.684387 
67108864 , 766.599352 
2 , 0.003160 
4 , 0.469111 
8 , 0.536263 
16 , 0.652645 
32 , 0.786949 
64 , 0.869230 
128 , 0.949703 
256 , 1.126407 
512 , 1.129187 
1024 , 1.330782 
2048 , 1.459374 
4096 , 1.532176 
8192 , 1.711361 
16384 , 1.785602 
32768 , 1.988687 
65536 , 2.097809 
131072 , 2.444478 
262144 , 3.181515 
524288 , 4.247701 
1048576 , 6.966254 
2097152 , 13.426227 
4194304 , 39.542594 
8388608 , 83.132593 
16777216 , 170.376903 
33554432 , 350.015885 
67108864 , 729.054255 
2 , 0.002040 
4 , 0.444720 
8 , 0.540013 
16 , 0.589314 
32 , 0.781038 
64 , 0.915092 
128 , 0.933942 
256 , 1.074205 
512 , 1.216639 
1024 , 1.401864 
2048 , 1.608068 
4096 , 1.532176 
8192 , 1.643018 
16384 , 1.897125 
32768 , 1.941756 
65536 , 2.073469 
131072 , 2.439267 
262144 , 3.277747 
524288 , 4.142077 
1048576 , 6.419171 
2097152 , 13.624481 
4194304 , 38.745795 
8388608 , 82.520642 
16777216 , 165.761834 
33554432 , 357.788260 
67108864 , 730.568049 
2 , 0.002671 
4 , 0.458692 
8 , 0.597036 
16 , 0.672848 
32 , 0.794891 
64 , 0.893003 
128 , 1.020247 
256 , 1.145500 
512 , 1.172871 
1024 , 1.326275 
2048 , 1.391316 
4096 , 1.459859 
8192 , 1.608132 
16384 , 1.760737 
32768 , 1.926161 
65536 , 2.059954 
131072 , 2.506076 
262144 , 3.148553 
524288 , 4.520148 
1048576 , 6.497911 
2097152 , 14.846700 
4194304 , 37.928027 
8388608 , 85.167049 
16777216 , 186.454813 
33554432 , 388.198827 
67108864 , 789.807636 
2 , 0.002630 
4 , 0.461862 
8 , 0.531544 
16 , 0.673348 
32 , 0.781821 
64 , 0.898723 
128 , 1.023957 
256 , 1.087388 
512 , 1.202111 
1024 , 1.356335 
2048 , 1.464858 
4096 , 1.482249 
8192 , 1.670824 
16384 , 1.859089 
32768 , 1.898950 
65536 , 2.110886 
131072 , 2.384213 
262144 , 3.198854 
524288 , 4.446877 
1048576 , 6.706507 
2097152 , 12.943411 
4194304 , 37.850075 
8388608 , 81.479262 
16777216 , 167.250948 
33554432 , 343.211594 
67108864 , 725.077105 
2 , 0.002060 
4 , 0.455652 
8 , 0.487673 
16 , 0.695959 
32 , 0.784120 
64 , 0.927944 
128 , 1.002256 
256 , 1.048587 
512 , 1.225852 
1024 , 1.348155 
2048 , 1.416377 
4096 , 1.558731 
8192 , 1.682004 
16384 , 1.840698 
32768 , 1.991742 
65536 , 2.149536 
131072 , 2.471755 
262144 , 3.184094 
524288 , 4.559980 
1048576 , 6.589853 
2097152 , 13.654069 
4194304 , 38.469841 
8388608 , 83.888616 
16777216 , 165.212344 
33554432 , 346.630665 
67108864 , 719.178122 
2 , 0.003310 
4 , 0.496173 
8 , 0.604976 
16 , 0.692388 
32 , 0.793271 
64 , 0.940225 
128 , 1.010626 
256 , 1.140230 
512 , 1.221632 
1024 , 1.385937 
2048 , 1.422247 
4096 , 1.625463 
8192 , 1.693745 
16384 , 1.848688 
32768 , 1.963182 
65536 , 2.182077 
131072 , 2.478075 
262144 , 3.286847 
524288 , 4.392035 
1048576 , 6.805499 
2097152 , 13.357291 
4194304 , 39.084408 
8388608 , 83.056104 
16777216 , 169.823825 
33554432 , 344.302664 
67108864 , 727.654054 
2 , 0.002750 
4 , 0.484853 
8 , 0.488692 
16 , 0.626507 
32 , 0.802411 
64 , 0.860722 
128 , 1.020766 
256 , 1.117610 
512 , 1.227052 
1024 , 1.349105 
2048 , 1.451109 
4096 , 1.482159 
8192 , 1.655524 
16384 , 1.643413 
32768 , 1.964502 
65536 , 2.187617 
131072 , 2.463175 
262144 , 3.334457 
524288 , 4.338544 
1048576 , 6.992334 
2097152 , 12.404376 
4194304 , 35.900204 
8388608 , 81.786450 
16777216 , 163.269813 
33554432 , 350.409854 
67108864 , 722.489948 
2 , 0.002080 
4 , 0.464362 
8 , 0.565544 
16 , 0.655527 
32 , 0.802721 
64 , 0.834922 
128 , 1.040388 
256 , 1.072578 
512 , 1.170200 
1024 , 1.274724 
2048 , 1.399187 
4096 , 1.606902 
8192 , 1.677694 
16384 , 1.823168 
32768 , 1.990912 
65536 , 2.146917 
131072 , 2.520296 
262144 , 3.195154 
524288 , 4.361555 
1048576 , 6.579513 
2097152 , 12.452808 
4194304 , 35.886815 
8388608 , 84.288559 
16777216 , 173.337223 
33554432 , 343.106521 
67108864 , 752.544509 
2 , 0.003540 
4 , 0.472942 
8 , 0.620556 
16 , 0.706239 
32 , 0.787210 
64 , 0.910944 
128 , 1.068478 
256 , 1.161901 
512 , 1.272463 
1024 , 1.359056 
2048 , 1.495320 
4096 , 1.557191 
8192 , 1.774616 
16384 , 1.819028 
32768 , 2.022663 
65536 , 2.134916 
131072 , 2.362482 
262144 , 3.177883 
524288 , 4.608651 
1048576 , 6.494261 
2097152 , 14.087441 
4194304 , 39.372877 
8388608 , 81.995779 
16777216 , 163.414682 
33554432 , 343.030049 
67108864 , 721.969494 
2 , 0.002550 
4 , 0.476833 
8 , 0.513993 
16 , 0.697539 
32 , 0.804721 
64 , 1.004507 
128 , 0.968585 
256 , 1.193481 
512 , 1.265764 
1024 , 1.304094 
2048 , 1.578851 
4096 , 1.540820 
8192 , 1.773676 
16384 , 1.813557 
32768 , 1.939891 
65536 , 2.200238 
131072 , 2.461265 
262144 , 3.250965 
524288 , 4.442047 
1048576 , 6.327767 
2097152 , 12.996592 
4194304 , 38.573806 
8388608 , 82.979004 
16777216 , 171.287439 
33554432 , 349.701555 
67108864 , 740.671777 
2 , 0.002980 
4 , 0.474653 
8 , 0.593976 
16 , 0.663987 
32 , 0.828953 
64 , 0.885714 
128 , 0.984247 
256 , 1.136280 
512 , 1.165312 
1024 , 1.334186 
2048 , 1.376887 
4096 , 1.637944 
8192 , 1.716956 
16384 , 1.786858 
32768 , 1.898951 
65536 , 2.162278 
131072 , 2.391274 
262144 , 3.119533 
524288 , 4.409318 
1048576 , 7.368618 
2097152 , 13.179433 
4194304 , 38.685289 
8388608 , 82.347161 
16777216 , 167.559529 
33554432 , 342.936378 
67108864 , 717.962158 
2 , 0.003240 
4 , 0.467372 
8 , 0.551025 
16 , 0.598086 
32 , 0.832033 
64 , 0.841793 
128 , 0.982726 
256 , 1.068439 
512 , 1.192662 
1024 , 1.475010 
2048 , 1.385017 
4096 , 1.507370 
8192 , 1.662094 
16384 , 1.802208 
32768 , 1.959043 
65536 , 2.282002 
131072 , 2.458866 
262144 , 3.211426 
524288 , 4.475080 
1048576 , 7.188823 
2097152 , 12.969528 
4194304 , 36.730567 
8388608 , 83.576053 
16777216 , 168.545086 
33554432 , 346.198266 
67108864 , 729.224710 
2 , 0.002060 
4 , 0.487484 
8 , 0.593226 
16 , 0.677718 
32 , 0.821452 
64 , 0.855833 
128 , 1.006937 
256 , 1.099969 
512 , 1.236074 
1024 , 1.287364 
2048 , 1.487790 
4096 , 1.525081 
8192 , 1.720416 
16384 , 1.739506 
32768 , 1.998563 
65536 , 2.271031 
131072 , 2.392364 
262144 , 3.194996 
524288 , 4.460840 
1048576 , 7.156182 
2097152 , 13.354338 
4194304 , 38.771191 
8388608 , 82.614148 
16777216 , 172.982704 
33554432 , 347.263832 
67108864 , 722.529847 
2 , 0.002150 
4 , 0.437932 
8 , 0.556795 
16 , 0.652028 
32 , 0.811262 
64 , 0.923545 
128 , 0.985007 
256 , 1.134161 
512 , 1.231673 
1024 , 1.319725 
2048 , 1.359687 
4096 , 1.536331 
8192 , 1.676475 
16384 , 1.833089 
32768 , 1.972083 
65536 , 2.161168 
131072 , 2.387544 
262144 , 3.207446 
524288 , 4.178672 
1048576 , 6.988938 
2097152 , 13.468872 
4194304 , 37.989722 
8388608 , 79.270973 
16777216 , 213.721509 
33554432 , 349.080640 
67108864 , 725.116557 
