2 0.149504
2 0.157696
4 0.15872
8 0.140288
16 0.154624
32 0.151552
2 0.149504
4 0.15872
8 0.132096
16 0.131072
32 0.165888
2 0.125952
4 0.149504
8 0.151552
16 0.155648
32 0.129024
2 0.121856
4 0.145408
8 0.146432
16 0.154688
32 0.169984
2 0.159744
4 0.12288
8 0.156672
16 0.1536
32 0.116736
2 0.171008
4 0.160768
8 0.15872
16 0.147456
32 0.130048
2 0.157696
4 0.162816
8 0.14848
16 0.134144
32 0.147456
2 0.126976
4 0.137216
8 0.12288
16 0.105472
32 0.125952
2 0.164864
4 0.15872
8 0.155648
16 0.135168
32 0.128
2 0.157728
4 0.145408
8 0.129024
16 0.131072
32 0.142368
2 0.152576
4 0.12288
8 0.1536
16 0.169984
32 0.130048
2 0.1536
4 0.154624
8 0.152576
16 0.1536
32 0.14336
2 0.110592
4 0.150528
8 0.141312
16 0.130048
32 0.1536
2 0.130048
4 0.172032
8 0.13104
16 0.129024
32 0.135168
2 0.13312
4 0.154624
8 0.134144
16 0.104448
32 0.17408
2 0.13312
4 0.156672
8 0.14848
16 0.171008
32 0.147456
2 0.164864
4 0.150528
8 0.152576
16 0.144384
32 0.140288
2 0.1536
4 0.128
8 0.130048
16 0.1576
32 0.132096
2 0.149504
4 0.134112
8 0.145408
16 0.144384
32 0.116736
2 0.161792
4 0.128
8 0.134144
16 0.124928
32 0.10752
2 0.136192
4 0.1536
8 0.126976
16 0.159744
32 0.130016
64 0.145408
128 0.125952
256 0.119776
512 0.128
1024 0.105472
2048 0.043008
4096 0.270336
8192 0.1904
16384 0.18864
32768 0.323328
65536 0.303648
131072 0.140512
262144 0.144096
524288 0.151328
1048576 0.170464
2097152 0.157088
4194304 0.301664
8388608 0.450432
16777216 0.73712
33554432 1.27395
2 0.134144
4 0.129024
67108864 2.45069
8 0.152576
16 0.132096
32 0.130048
64 0.124928
128 0.125952
256 0.154624
512 0.115712
1024 0.043008
2048 0.191488
4096 0.152576
8192 0.38912
16384 0.328832
32768 0.080384
65536 0.082944
131072 0.052576
262144 0.144448
524288 0.081984
1048576 0.175488
2097152 0.264
4194304 0.300416
8388608 0.462528
16777216 0.7376
33554432 1.18931
2 0.130048
4 0.145408
67108864 2.38342
8 0.128
16 0.10752
32 0.126976
64 0.13824
128 0.131072
256 0.157696
512 0.158752
1024 0.27136
2048 0.052224
4096 0.275456
8192 0.185344
16384 0.090336
32768 0.17776
65536 0.158592
131072 0.132928
262144 0.142496
524288 0.149664
1048576 0.09904
2097152 0.233632
4194304 0.318944
8388608 0.473568
16777216 0.642624
33554432 1.18915
2 0.10752
4 0.12288
67108864 2.36333
8 0.151552
16 0.116736
32 0.149504
64 0.171008
128 0.150528
256 0.124928
512 0.128
1024 0.132096
2048 0.048128
4096 0.1024
8192 0.049152
16384 0.336864
32768 0.317408
65536 0.189792
131072 0.135808
262144 0.055552
524288 0.15136
1048576 0.196928
2097152 0.140128
4194304 0.217632
8388608 0.444736
16777216 0.746272
33554432 1.20579
2 0.13312
4 0.151552
67108864 2.39459
8 0.120832
16 0.130048
32 0.152576
64 0.151552
128 0.150528
256 0.171008
512 0.365568
1024 0.110592
2048 0.121856
4096 0.182272
8192 0.43008
16384 0.217312
32768 0.322464
65536 0.181376
131072 0.138176
262144 0.142976
524288 0.153952
1048576 0.17328
2097152 0.227968
4194304 0.305888
8388608 0.448448
16777216 0.746176
33554432 1.1873
2 0.131072
4 0.176128
67108864 2.36726
8 0.166912
16 0.124928
32 0.140288
64 0.14848
128 0.14848
256 0.145408
512 0.314368
1024 0.131072
2048 0.367616
4096 0.293888
8192 0.38912
16384 0.336224
32768 0.327104
65536 0.309952
131072 0.133408
262144 0.14256
524288 0.14608
1048576 0.196192
2097152 0.223296
4194304 0.30784
8388608 0.474208
16777216 0.638016
33554432 1.21904
2 0.124928
4 0.131008
67108864 2.38339
8 0.146432
16 0.144384
32 0.15056
64 0.169984
128 0.126976
256 0.123904
512 0.116736
1024 0.13312
2048 0.044032
4096 0.111616
8192 0.052224
16384 0.126144
32768 0.31904
65536 0.14704
131072 0.135616
262144 0.150368
524288 0.153376
1048576 0.179104
2097152 0.145216
4194304 0.223744
8388608 0.493856
16777216 0.722496
33554432 1.19478
2 0.14336
4 0.124928
67108864 2.36035
8 0.156672
16 0.135168
32 0.13312
64 0.13312
128 0.130048
256 0.1536
512 0.120832
1024 0.207872
2048 0.462848
4096 0.472064
8192 0.408576
16384 0.216896
32768 0.092384
65536 0.181216
131072 0.13456
262144 0.0536
524288 0.15072
1048576 0.1768
2097152 0.224672
4194304 0.303488
8388608 0.46736
16777216 0.644128
33554432 1.20877
2 0.159744
4 0.151552
67108864 2.43306
8 0.129024
16 0.144384
32 0.128
64 0.145408
128 0.130048
256 0.125952
512 0.044032
1024 0.182272
2048 0.295936
4096 0.26624
8192 0.448512
16384 0.336288
32768 0.175072
65536 0.073056
131072 0.134944
262144 0.144512
524288 0.151264
1048576 0.106464
2097152 0.217504
4194304 0.228864
8388608 0.485056
16777216 0.641408
33554432 1.27997
2 0.128
4 0.154624
67108864 2.40224
8 0.12288
16 0.152576
32 0.157696
64 0.148448
128 0.130048
256 0.129024
512 0.294912
1024 0.13312
2048 0.157696
4096 0.36864
8192 0.185344
16384 0.332096
32768 0.319712
65536 0.188352
131072 0.137408
262144 0.143296
524288 0.153472
1048576 0.17792
2097152 0.228576
4194304 0.300096
8388608 0.485888
16777216 0.722432
33554432 1.20106
2 0.137216
4 0.118784
67108864 2.3897
8 0.128
16 0.151552
32 0.125952
64 0.129024
128 0.126976
256 0.152576
512 0.290848
1024 0.118784
2048 0.16384
4096 0.037888
8192 0.047104
16384 0.329792
32768 0.214208
65536 0.156704
131072 0.154208
262144 0.155168
524288 0.065408
1048576 0.168992
2097152 0.239104
4194304 0.294784
8388608 0.456768
16777216 0.724864
33554432 1.29642
2 0.146432
4 0.126976
67108864 2.39466
8 0.152576
16 0.142304
32 0.149504
64 0.129024
128 0.145408
256 0.132096
512 0.118784
1024 0.109568
2048 0.182272
4096 0.10752
8192 0.371712
16384 0.135264
32768 0.125568
65536 0.151648
131072 0.05312
262144 0.143712
524288 0.144544
1048576 0.171584
2097152 0.250464
4194304 0.332768
8388608 0.45072
16777216 0.677152
33554432 1.20586
2 0.125952
4 0.174016
67108864 2.38621
8 0.127936
16 0.164864
32 0.110592
64 0.129024
128 0.159744
256 0.156736
512 0.182272
1024 0.360448
2048 0.131072
4096 0.210944
8192 0.433152
16384 0.207424
32768 0.323904
65536 0.174528
131072 0.133184
262144 0.136704
524288 0.170432
1048576 0.179776
2097152 0.22416
4194304 0.332704
8388608 0.472384
16777216 0.743936
33554432 1.28051
2 0.14336
4 0.154592
67108864 2.37923
8 0.129024
16 0.124928
32 0.1536
64 0.137216
128 0.15872
256 0.146464
512 0.185344
1024 0.294912
2048 0.127008
4096 0.191488
8192 0.045056
16384 0.18832
32768 0.093824
65536 0.195008
131072 0.056064
262144 0.142048
524288 0.160864
1048576 0.090464
2097152 0.224096
4194304 0.304768
8388608 0.376544
16777216 0.714048
33554432 1.29475
2 0.165888
4 0.130048
67108864 2.41546
8 0.150528
16 0.154688
32 0.162816
64 0.124928
128 0.156672
256 0.15568
512 0.121856
1024 0.374784
2048 0.135168
4096 0.397312
8192 0.393216
16384 0.333856
32768 0.180832
65536 0.190432
131072 0.135648
262144 0.142016
524288 0.06896
1048576 0.173248
2097152 0.140576
4194304 0.32192
8388608 0.45984
16777216 0.725664
33554432 1.20909
2 0.132096
4 0.121856
67108864 2.3368
8 0.106496
16 0.152576
32 0.125952
64 0.146432
128 0.119808
256 0.155648
512 0.050176
1024 0.155648
2048 0.13824
4096 0.044032
8192 0.050176
16384 0.355808
32768 0.175776
65536 0.1656
131072 0.138016
262144 0.138368
524288 0.069184
1048576 0.091808
2097152 0.166144
4194304 0.2984
8388608 0.44816
16777216 0.723456
33554432 1.27946
2 0.13312
4 0.125952
67108864 2.35482
8 0.144384
16 0.155648
32 0.120832
64 0.124928
128 0.146432
256 0.126976
512 0.049152
1024 0.0512
2048 0.164864
4096 0.047104
8192 0.39424
16384 0.108032
32768 0.322528
65536 0.179744
131072 0.050304
262144 0.139808
524288 0.15312
1048576 0.195712
2097152 0.148
4194304 0.304832
8388608 0.471392
16777216 0.732128
33554432 1.27882
2 0.126976
4 0.132096
67108864 2.36205
8 0.1536
16 0.137216
32 0.124928
64 0.152576
128 0.159744
256 0.13312
512 0.111616
1024 0.392128
2048 0.115712
4096 0.219136
8192 0.187392
16384 0.341408
32768 0.323584
65536 0.185056
131072 0.134944
262144 0.300096
524288 0.148928
1048576 0.110496
2097152 0.138848
4194304 0.30032
8388608 0.49632
16777216 0.742144
33554432 1.20115
2 0.135168
4 0.131072
67108864 2.37005
8 0.108544
16 0.149536
32 0.176128
64 0.145408
128 0.135168
256 0.150528
512 0.124928
1024 0.365568
2048 0.1024
4096 0.439296
8192 0.094208
16384 0.210784
32768 0.203168
65536 0.158976
131072 0.050016
262144 0.146816
524288 0.155904
1048576 0.170944
2097152 0.238336
4194304 0.311392
8388608 0.454304
16777216 0.739392
33554432 1.20106
2 0.152576
4 0.155648
67108864 2.3568
8 0.160768
16 0.150528
32 0.145376
64 0.156672
128 0.157664
256 0.154624
512 0.120832
1024 0.22528
2048 0.103424
4096 0.370688
8192 0.104448
16384 0.33184
32768 0.317024
65536 0.188448
131072 0.141856
262144 0.071456
524288 0.150976
1048576 0.177536
2097152 0.25136
4194304 0.305856
8388608 0.444672
16777216 0.729184
33554432 1.19402
2 0.141312
4 0.156672
67108864 2.40442
8 0.130048
16 0.126976
32 0.14432
64 0.131072
128 0.121856
256 0.155648
512 0.08192
1024 0.125888
2048 0.188416
4096 0.303104
8192 0.423936
16384 0.324576
32768 0.09408
65536 0.187072
131072 0.279936
262144 0.138944
524288 0.069728
1048576 0.199168
2097152 0.233408
4194304 0.316576
8388608 0.457152
16777216 0.769024
33554432 1.28525
2 0.129056
4 0.125888
67108864 2.36762
8 0.124928
16 0.154624
32 0.150528
64 0.16896
128 0.154624
256 0.145344
512 0.124928
1024 0.136192
2048 0.140224
4096 0.304128
8192 0.415744
16384 0.334112
32768 0.330368
65536 0.184
131072 0.134144
262144 0.057952
524288 0.15632
1048576 0.180512
2097152 0.218048
4194304 0.30064
8388608 0.473728
16777216 0.648224
33554432 1.192
2 0.12384
4 0.126976
67108864 2.36922
8 0.14336
16 0.157696
32 0.128
64 0.129024
128 0.161792
256 0.14848
512 0.110592
1024 0.11264
2048 0.110592
4096 0.304128
8192 0.431104
16384 0.345696
32768 0.32464
65536 0.168192
131072 0.052864
262144 0.140288
524288 0.0744
1048576 0.210496
2097152 0.237312
4194304 0.321184
8388608 0.369184
16777216 0.7328
33554432 1.2785
2 0.136192
4 0.14336
67108864 2.36218
8 0.150528
16 0.149504
32 0.165888
64 0.152576
128 0.13824
256 0.132096
512 0.139264
1024 0.183296
2048 0.29184
4096 0.321536
8192 0.187392
16384 0.336576
32768 0.18224
65536 0.081888
131072 0.052672
262144 0.138048
524288 0.066848
1048576 0.093856
2097152 0.219648
4194304 0.349888
8388608 0.472768
16777216 0.74736
33554432 1.28323
2 0.123904
4 0.128
67108864 2.39338
8 0.172032
16 0.149504
32 0.145408
64 0.142336
128 0.123872
256 0.142336
512 0.110592
1024 0.045056
2048 0.118784
4096 0.436224
8192 0.231424
16384 0.097312
32768 0.171136
65536 0.303456
131072 0.133056
262144 0.138432
524288 0.1512
1048576 0.176384
2097152 0.254432
4194304 0.221376
8388608 0.45072
16777216 0.656416
33554432 1.27933
2 0.13824
4 0.135168
67108864 2.36419
8 0.14336
16 0.151552
32 0.13824
64 0.144384
128 0.126976
256 0.159744
512 0.30208
1024 0.113664
2048 0.217088
4096 0.144384
8192 0.187392
16384 0.350432
32768 0.186624
65536 0.192864
131072 0.135936
262144 0.140704
524288 0.151936
1048576 0.181504
2097152 0.2304
4194304 0.311872
8388608 0.391904
16777216 0.74736
33554432 1.28227
2 0.106496
4 0.111616
67108864 2.35952
8 0.142336
16 0.161792
32 0.130048
64 0.134144
128 0.150528
256 0.152576
512 0.228352
1024 0.423936
2048 0.121856
4096 0.044032
8192 0.400384
16384 0.103616
32768 0.21584
65536 0.19744
131072 0.146304
262144 0.147584
524288 0.14256
1048576 0.175936
2097152 0.137152
4194304 0.311936
8388608 0.455008
16777216 0.723008
33554432 1.27245
2 0.132096
4 0.114688
67108864 2.33558
8 0.123904
16 0.157696
32 0.128
64 0.13312
128 0.148544
256 0.17408
512 0.182272
1024 0.186368
2048 0.218112
4096 0.128
8192 0.111616
16384 0.355104
32768 0.322496
65536 0.180064
131072 0.165376
262144 0.141216
524288 0.15312
1048576 0.175328
2097152 0.234656
4194304 0.305824
8388608 0.443744
16777216 0.726016
33554432 1.27613
2 0.121856
4 0.125952
67108864 2.35216
8 0.1536
16 0.133056
32 0.149504
64 0.125952
128 0.131072
256 0.149504
512 0.154624
1024 0.41472
2048 0.043008
4096 0.050176
8192 0.110592
16384 0.332864
32768 0.330624
65536 0.187008
131072 0.051648
262144 0.138336
524288 0.155968
1048576 0.098976
2097152 0.225376
4194304 0.304896
8388608 0.4784
16777216 0.765248
33554432 1.19706
2 0.10752
4 0.129024
67108864 2.43002
8 0.150528
16 0.159744
32 0.131072
64 0.17408
128 0.1536
256 0.149504
512 0.27136
1024 0.037888
2048 0.053248
4096 0.182272
8192 0.371712
16384 0.328096
32768 0.324256
65536 0.162784
131072 0.058912
262144 0.058016
524288 0.143744
1048576 0.179008
2097152 0.141184
4194304 0.313152
8388608 0.446784
16777216 0.74368
33554432 1.21514
2 0.129024
4 0.146432
67108864 2.39824
8 0.161792
16 0.15872
32 0.154624
64 0.135168
128 0.156672
256 0.130048
512 0.06144
1024 0.037888
2048 0.115712
4096 0.299008
8192 0.183296
16384 0.197088
32768 0.346048
65536 0.19504
131072 0.1368
262144 0.143264
524288 0.152416
1048576 0.085632
2097152 0.218048
4194304 0.31248
8388608 0.445152
16777216 0.722848
33554432 1.22128
2 0.12288
4 0.128
67108864 2.39827
8 0.146432
16 0.146432
32 0.128
64 0.176128
128 0.14848
256 0.125952
512 0.185344
1024 0.182272
2048 0.048128
4096 0.265216
8192 0.05632
16384 0.132576
32768 0.325152
65536 0.19232
131072 0.134688
262144 0.140864
524288 0.074336
1048576 0.175008
2097152 0.219552
4194304 0.308288
8388608 0.466432
16777216 0.647968
33554432 1.22048
2 0.152576
4 0.147456
67108864 2.42211
8 0.128
16 0.1536
32 0.128
64 0.152544
128 0.125952
256 0.130048
512 0.278528
1024 0.109568
2048 0.198656
4096 0.050176
8192 0.42496
16384 0.349664
32768 0.327136
65536 0.086336
131072 0.136832
262144 0.049056
524288 0.149728
1048576 0.119072
2097152 0.228576
4194304 0.318816
8388608 0.444768
16777216 0.743232
33554432 1.2825
2 0.124928
4 0.129024
67108864 2.48723
8 0.157664
16 0.128
32 0.130048
64 0.142336
128 0.142336
256 0.151552
512 0.125952
1024 0.423936
2048 0.22528
4096 0.09728
8192 0.049152
16384 0.329024
32768 0.318048
65536 0.179072
131072 0.136256
262144 0.049824
524288 0.070656
1048576 0.182496
2097152 0.151328
4194304 0.238912
8388608 0.445504
16777216 0.735936
33554432 1.28515
2 0.125952
4 0.149504
67108864 2.39562
8 0.130048
16 0.125952
32 0.149536
64 0.155648
128 0.126976
256 0.166912
512 0.041984
1024 0.059392
2048 0.135168
4096 0.116736
8192 0.048128
16384 0.19344
32768 0.197088
65536 0.196704
131072 0.281792
262144 0.138912
524288 0.150784
1048576 0.183872
2097152 0.15008
4194304 0.303616
8388608 0.3656
16777216 0.739264
33554432 1.29392
2 0.137216
4 0.132096
67108864 2.38515
8 0.150528
16 0.130048
32 0.141312
64 0.151552
128 0.130048
256 0.14848
512 0.135168
1024 0.190464
2048 0.20992
4096 0.036864
8192 0.187392
16384 0.3368
32768 0.111616
65536 0.187328
131072 0.142016
262144 0.148256
524288 0.15456
1048576 0.172992
2097152 0.22848
4194304 0.30608
8388608 0.501632
16777216 0.77056
33554432 1.20979
2 0.140288
4 0.130048
67108864 2.37555
8 0.1536
16 0.154624
32 0.135136
64 0.13312
128 0.128
256 0.1536
512 0.183296
1024 0.049152
2048 0.130048
4096 0.094208
8192 0.103424
16384 0.330816
32768 0.196352
65536 0.096896
131072 0.144128
262144 0.057952
524288 0.148224
1048576 0.179232
2097152 0.160832
4194304 0.223552
8388608 0.453792
16777216 0.724768
33554432 1.28029
2 0.130048
4 0.120832
67108864 2.36675
8 0.14336
16 0.177152
32 0.125952
64 0.12288
128 0.1536
256 0.156672
512 0.398336
1024 0.142336
2048 0.155648
4096 0.20992
8192 0.362496
16384 0.111488
32768 0.32464
65536 0.179744
131072 0.133632
262144 0.160608
524288 0.154464
1048576 0.105216
2097152 0.143008
4194304 0.313568
8388608 0.444736
16777216 0.806016
33554432 1.37453
2 0.159744
4 0.13312
67108864 2.36902
8 0.146432
16 0.156608
32 0.151552
64 0.132096
128 0.132096
256 0.15152
512 0.11264
1024 0.114688
2048 0.110592
4096 0.139264
8192 0.406528
16384 0.33328
32768 0.32496
65536 0.192704
131072 0.14688
262144 0.142432
524288 0.152096
1048576 0.169376
2097152 0.227392
4194304 0.29952
8388608 0.444928
16777216 0.753344
33554432 1.22058
2 0.128
4 0.13312
67108864 2.37165
8 0.14848
16 0.183296
32 0.125952
64 0.142336
128 0.149504
256 0.153664
512 0.134144
1024 0.128
2048 0.193536
4096 0.288768
8192 0.418816
16384 0.210656
32768 0.320288
65536 0.210112
131072 0.134944
262144 0.151936
524288 0.145344
1048576 0.171072
2097152 0.234272
4194304 0.219616
8388608 0.446048
16777216 0.718688
33554432 1.29091
2 0.126976
4 0.124928
67108864 2.38771
8 0.146432
16 0.173088
32 0.130048
64 0.1536
128 0.150528
256 0.157696
512 0.128
1024 0.136192
2048 0.124928
4096 0.284672
8192 0.41984
16384 0.336544
32768 0.325312
65536 0.197408
131072 0.136256
262144 0.062464
524288 0.145088
1048576 0.176448
2097152 0.237184
4194304 0.3176
8388608 0.453824
16777216 0.656832
33554432 1.29245
2 0.130048
4 0.126976
67108864 2.38374
8 0.151552
16 0.109568
32 0.130016
64 0.152576
128 0.129024
256 0.157696
512 0.223232
1024 0.139264
2048 0.183296
4096 0.04608
8192 0.10752
16384 0.332512
32768 0.320736
65536 0.181152
131072 0.1392
262144 0.140864
524288 0.151488
1048576 0.17712
2097152 0.230592
4194304 0.341824
8388608 0.420192
16777216 0.729312
33554432 1.29843
2 0.147456
4 0.131072
67108864 2.37264
8 0.130048
16 0.12896
32 0.124928
64 0.142336
128 0.147456
256 0.126976
512 0.129024
1024 0.115712
2048 0.094208
4096 0.109568
8192 0.09216
16384 0.330816
32768 0.20256
65536 0.195008
131072 0.155936
262144 0.137536
524288 0.064128
1048576 0.175424
2097152 0.226976
4194304 0.300928
8388608 0.443296
16777216 0.726112
33554432 1.30138
2 0.149504
4 0.131072
67108864 2.37011
8 0.152576
16 0.132096
32 0.134144
64 0.13312
128 0.129024
256 0.147456
512 0.366592
1024 0.110624
2048 0.13824
4096 0.116736
8192 0.185376
16384 0.184768
32768 0.321568
65536 0.18768
131072 0.135552
262144 0.14496
524288 0.152032
1048576 0.183808
2097152 0.22752
4194304 0.31136
8388608 0.472832
16777216 0.7552
33554432 1.28051
2 0.128
4 0.128
67108864 2.37162
8 0.152576
16 0.128
32 0.130048
64 0.135168
128 0.1536
256 0.134144
512 0.142336
1024 0.397312
2048 0.145376
4096 0.200704
8192 0.422912
16384 0.194464
32768 0.171488
65536 0.186304
131072 0.059808
262144 0.144512
524288 0.151648
1048576 0.177056
2097152 0.227328
4194304 0.210112
8388608 0.363712
16777216 0.63904
33554432 1.2849
2 0.13312
4 0.129024
67108864 2.5584
8 0.143296
16 0.15568
32 0.177152
64 0.14336
128 0.144384
256 0.156672
512 0.126976
1024 0.115712
2048 0.13312
4096 0.270336
8192 0.441344
16384 0.326688
32768 0.155168
65536 0.186336
131072 0.06272
262144 0.149216
524288 0.157408
1048576 0.171456
2097152 0.141696
4194304 0.316192
8388608 0.482528
16777216 0.735168
33554432 1.29437
2 0.132096
4 0.13312
67108864 2.35968
8 0.154624
16 0.154624
32 0.125952
64 0.132096
128 0.157696
256 0.146432
512 0.13312
1024 0.457728
2048 0.22528
4096 0.050176
8192 0.44032
16384 0.1984
32768 0.328832
65536 0.15968
131072 0.13408
262144 0.151008
524288 0.153184
1048576 0.090976
2097152 0.262528
4194304 0.321792
8388608 0.446016
16777216 0.64944
33554432 1.28656
2 0.130048
4 0.130048
67108864 2.37027
8 0.154624
16 0.129024
32 0.135168
64 0.13312
128 0.129984
256 0.128
512 0.109568
1024 0.121856
2048 0.134144
4096 0.277504
8192 0.186368
16384 0.109216
32768 0.096864
65536 0.184608
131072 0.055584
262144 0.148928
524288 0.15424
1048576 0.169376
2097152 0.229472
4194304 0.327136
8388608 0.435456
16777216 0.73872
33554432 1.19859
2 0.149504
4 0.118784
67108864 2.37827
8 0.130048
16 0.132064
32 0.15056
64 0.121856
128 0.15872
256 0.18432
512 0.265216
1024 0.130016
2048 0.278528
4096 0.125952
8192 0.054272
16384 0.105152
32768 0.325696
65536 0.205536
131072 0.155616
262144 0.145952
524288 0.154304
1048576 0.178944
2097152 0.234528
4194304 0.308544
8388608 0.449856
16777216 0.751488
33554432 1.29494
2 0.146432
4 0.131072
67108864 2.35261
8 0.152576
16 0.144384
32 0.150528
64 0.171008
128 0.156672
256 0.150528
512 0.115712
1024 0.226304
2048 0.316416
4096 0.292864
8192 0.415744
16384 0.341952
32768 0.32592
65536 0.193664
131072 0.062656
262144 0.145024
524288 0.07312
1048576 0.188768
2097152 0.143168
4194304 0.225376
8388608 0.451008
16777216 0.640224
33554432 1.20122
2 0.18432
4 0.155648
8 0.14336
16 0.151552
32 0.162816
64 0.15968
128 0.106496
256 0.152576
512 0.182272
1024 0.366592
2048 0.150528
4096 0.326656
8192 0.191488
16384 0.092928
32768 0.32688
65536 0.195072
131072 0.058816
262144 0.146048
524288 0.148928
1048576 0.101536
2097152 0.220256
4194304 0.316768
8388608 0.46496
16777216 0.644064
33554432 1.21312
2 0.137216
4 0.13312
67108864 2.3767
8 0.108544
16 0.131072
32 0.151552
64 0.156672
128 0.165888
256 0.15872
512 0.366592
1024 0.145408
2048 0.09728
4096 0.11264
8192 0.41984
16384 0.331232
32768 0.191168
65536 0.163296
131072 0.136384
262144 0.144352
524288 0.07296
1048576 0.178208
2097152 0.167104
4194304 0.31488
8388608 0.449952
16777216 0.731296
33554432 1.20163
2 0.134144
4 0.130048
67108864 2.37699
8 0.109568
16 0.147456
32 0.175104
64 0.185344
128 0.147456
256 0.157664
512 0.145376
1024 0.114688
2048 0.29184
4096 0.121856
8192 0.124928
16384 0.341216
32768 0.328864
65536 0.165088
131072 0.139712
262144 0.13968
524288 0.163424
1048576 0.187648
2097152 0.22576
4194304 0.32784
8388608 0.450624
16777216 0.719744
33554432 1.21341
2 0.128
4 0.132096
67108864 2.36483
8 0.16384
16 0.1536
32 0.160768
64 0.156672
128 0.132032
256 0.1536
512 0.145408
1024 0.0512
2048 0.115712
4096 0.305152
8192 0.185344
16384 0.122688
32768 0.189408
65536 0.078976
131072 0.046304
262144 0.134784
524288 0.151552
1048576 0.101184
2097152 0.247424
4194304 0.311968
8388608 0.399104
16777216 0.732352
33554432 1.27888
2 0.151552
4 0.128
67108864 2.39402
8 0.156672
16 0.157696
32 0.152576
64 0.129024
128 0.15568
256 0.160768
512 0.132096
1024 0.123904
2048 0.04608
4096 0.114688
8192 0.387072
16384 0.191232
32768 0.327104
65536 0.073536
131072 0.145664
262144 0.147168
524288 0.15584
1048576 0.175744
2097152 0.173504
4194304 0.232672
8388608 0.463776
16777216 0.656832
33554432 1.27898
2 0.121856
4 0.167936
67108864 2.3833
8 0.135168
16 0.16384
32 0.157696
64 0.139264
128 0.154624
256 0.123904
512 0.111616
1024 0.126976
2048 0.39936
4096 0.04608
8192 0.416768
16384 0.340448
32768 0.328064
65536 0.167936
131072 0.069984
262144 0.140608
524288 0.074304
1048576 0.098048
2097152 0.249568
4194304 0.302528
8388608 0.394048
16777216 0.663776
33554432 1.2895
2 0.130048
4 0.106496
67108864 2.44595
8 0.162816
16 0.131072
32 0.155648
64 0.160768
128 0.157696
256 0.1536
512 0.137216
1024 0.392128
2048 0.26112
4096 0.20992
8192 0.043008
16384 0.341248
32768 0.172832
65536 0.195712
131072 0.138816
262144 0.062528
524288 0.15056
1048576 0.182016
2097152 0.242624
4194304 0.315008
8388608 0.445248
16777216 0.654656
33554432 1.2857
2 0.11264
4 0.134144
67108864 2.3728
8 0.13312
16 0.134144
32 0.136192
64 0.111616
128 0.13312
256 0.126976
512 0.197632
1024 0.123904
2048 0.201728
4096 0.273408
8192 0.182272
16384 0.210752
32768 0.329312
65536 0.186368
131072 0.133248
262144 0.146304
524288 0.075424
1048576 0.177472
2097152 0.241088
4194304 0.303232
8388608 0.468672
16777216 0.743264
33554432 1.19994
2 0.13312
4 0.141312
67108864 2.37181
8 0.157696
16 0.1536
32 0.155648
64 0.154624
128 0.131072
256 0.15872
512 0.115712
1024 0.052224
2048 0.156672
4096 0.131072
8192 0.428032
16384 0.19312
32768 0.16736
65536 0.175584
131072 0.136128
262144 0.147776
524288 0.146528
1048576 0.110912
2097152 0.236928
4194304 0.22528
8388608 0.44336
16777216 0.635072
33554432 1.29498
2 0.131072
4 0.131072
67108864 2.39325
8 0.190464
16 0.131072
32 0.156672
64 0.13312
128 0.177152
256 0.169984
512 0.159744
1024 0.139264
2048 0.304192
4096 0.297984
8192 0.398336
16384 0.330624
32768 0.331424
65536 0.150464
131072 0.17696
262144 0.059552
524288 0.153408
1048576 0.170816
2097152 0.227136
4194304 0.298176
8388608 0.458432
16777216 0.640224
33554432 1.19245
2 0.130048
4 0.130048
67108864 2.39795
8 0.156736
16 0.1536
32 0.1536
64 0.176128
128 0.138208
256 0.160768
512 0.044032
1024 0.142336
2048 0.123872
4096 0.264192
8192 0.06144
16384 0.333984
32768 0.110336
65536 0.192416
131072 0.139936
262144 0.146016
524288 0.149728
1048576 0.181248
2097152 0.223232
4194304 0.335584
8388608 0.465024
16777216 0.742688
33554432 1.27686
2 0.134144
4 0.144384
67108864 2.36438
8 0.152576
16 0.15872
32 0.180256
64 0.15872
128 0.146432
256 0.1536
512 0.222208
1024 0.161792
2048 0.131072
4096 0.109568
8192 0.391168
16384 0.339296
32768 0.325408
65536 0.1704
131072 0.146816
262144 0.057984
524288 0.074016
1048576 0.096448
2097152 0.248416
4194304 0.233696
8388608 0.446016
16777216 0.641696
33554432 1.29386
2 0.124928
4 0.150528
67108864 2.38266
8 0.15872
16 0.146432
32 0.132096
64 0.149504
128 0.152576
256 0.177088
512 0.11264
1024 0.073728
2048 0.280576
4096 0.386048
8192 0.406528
16384 0.195584
32768 0.179072
65536 0.148448
131072 0.14064
262144 0.14384
524288 0.16016
1048576 0.098208
2097152 0.236736
4194304 0.22448
8388608 0.458688
16777216 0.727936
33554432 1.28464
2 0.127008
4 0.135168
67108864 2.37408
8 0.156672
16 0.116704
32 0.1536
64 0.132096
128 0.159744
256 0.176128
512 0.131072
1024 0.146432
2048 0.306176
4096 0.116736
8192 0.100352
16384 0.341024
32768 0.193344
65536 0.162304
131072 0.141664
262144 0.068096
524288 0.064672
1048576 0.185792
2097152 0.2648
4194304 0.307584
8388608 0.385504
16777216 0.729888
33554432 1.29498
2 0.135168
4 0.132096
67108864 2.36179
8 0.176128
16 0.132032
32 0.150528
64 0.132096
128 0.142336
256 0.132096
512 0.116736
1024 0.049152
2048 0.370688
4096 0.183296
8192 0.367552
16384 0.338592
32768 0.3264
65536 0.14688
131072 0.139072
262144 0.145056
524288 0.1488
1048576 0.089248
2097152 0.23104
4194304 0.304384
8388608 0.391584
16777216 0.735072
33554432 1.30634
2 0.12288
4 0.130048
67108864 2.38122
8 0.108544
16 0.123904
32 0.137216
64 0.173056
128 0.14336
256 0.132096
512 0.267264
1024 0.157696
2048 0.2816
4096 0.101376
8192 0.0512
16384 0.33056
32768 0.177088
65536 0.157472
131072 0.144704
262144 0.14272
524288 0.075488
1048576 0.185376
2097152 0.224224
4194304 0.230912
8388608 0.400064
16777216 0.77792
33554432 1.19997
2 0.157728
4 0.132096
67108864 2.36211
8 0.156672
16 0.153568
32 0.131072
64 0.161792
128 0.167936
256 0.134144
512 0.110592
1024 0.444352
2048 0.041984
4096 0.437248
8192 0.427008
16384 0.133024
32768 0.344768
65536 0.184544
131072 0.135648
262144 0.15344
524288 0.154528
1048576 0.17616
2097152 0.253248
4194304 0.316096
8388608 0.37104
16777216 0.71952
33554432 1.27133
2 0.13104
4 0.132096
67108864 2.37987
8 0.165888
16 0.156672
32 0.154624
64 0.131072
128 0.126976
256 0.171008
512 0.126976
1024 0.183296
2048 0.182272
4096 0.293888
8192 0.360448
16384 0.222336
32768 0.31984
65536 0.313376
131072 0.140576
262144 0.07744
524288 0.158304
1048576 0.176736
2097152 0.260448
4194304 0.313632
8388608 0.450816
16777216 0.729824
33554432 1.20291
2 0.157664
4 0.11776
67108864 2.38419
8 0.132032
16 0.153536
32 0.134144
64 0.141312
128 0.13312
256 0.162816
512 0.137216
1024 0.134144
2048 0.095232
4096 0.2816
8192 0.186368
16384 0.332864
32768 0.32784
65536 0.079904
131072 0.143904
262144 0.146656
524288 0.16
1048576 0.176992
2097152 0.234144
4194304 0.303712
8388608 0.350624
16777216 0.728288
33554432 1.28672
2 0.126912
4 0.125952
67108864 2.38259
8 0.154624
16 0.130048
32 0.149504
64 0.161792
128 0.178176
256 0.134144
512 0.047104
1024 0.13008
2048 0.208896
4096 0.411648
8192 0.052224
16384 0.3344
32768 0.100704
65536 0.183776
131072 0.14768
262144 0.162464
524288 0.15424
1048576 0.179072
2097152 0.256672
4194304 0.320736
8388608 0.452544
16777216 0.670528
33554432 1.19651
2 0.157696
4 0.130048
67108864 2.39034
8 0.162816
16 0.1536
32 0.154624
64 0.155648
128 0.155648
256 0.132096
512 0.119808
1024 0.121856
2048 0.047104
4096 0.186368
8192 0.186368
16384 0.120832
32768 0.331648
65536 0.150464
131072 0.12928
262144 0.143904
524288 0.148576
1048576 0.16976
2097152 0.231104
4194304 0.305728
8388608 0.390752
16777216 0.732576
33554432 1.27363
2 0.14848
4 0.132096
67108864 2.4063
8 0.151552
16 0.128
32 0.13824
64 0.154624
128 0.1536
256 0.13312
512 0.132096
1024 0.128
2048 0.141312
4096 0.296896
8192 0.101376
16384 0.330912
32768 0.092672
65536 0.187968
131072 0.13904
262144 0.1432
524288 0.148128
1048576 0.09552
2097152 0.225504
4194304 0.302816
8388608 0.456032
16777216 0.731424
33554432 1.31091
2 0.159744
4 0.15872
67108864 2.41914
8 0.157696
16 0.156672
32 0.160768
64 0.11264
128 0.1536
256 0.16384
512 0.043008
1024 0.124928
2048 0.044032
4096 0.292864
8192 0.439296
16384 0.215584
32768 0.322848
65536 0.160064
131072 0.167488
262144 0.139168
524288 0.153984
1048576 0.204416
2097152 0.233504
4194304 0.220928
8388608 0.45552
16777216 0.739616
33554432 1.27869
2 0.131072
4 0.135168
67108864 2.38413
8 0.126976
16 0.135168
32 0.149504
64 0.155648
128 0.154624
256 0.157696
512 0.193536
1024 0.115744
2048 0.137216
4096 0.118784
8192 0.043008
16384 0.191008
32768 0.214624
65536 0.167616
131072 0.140096
262144 0.135392
524288 0.1624
1048576 0.181984
2097152 0.237408
4194304 0.32544
8388608 0.501248
16777216 0.731008
33554432 1.27632
2 0.129024
4 0.144384
67108864 2.36838
8 0.161792
16 0.156672
32 0.177152
64 0.155648
128 0.145408
256 0.159744
512 0.193536
1024 0.412672
2048 0.11872
4096 0.300032
8192 0.043008
16384 0.35248
32768 0.096032
65536 0.164064
131072 0.135008
262144 0.151936
524288 0.151968
1048576 0.113152
2097152 0.236032
4194304 0.31152
8388608 0.512096
16777216 0.743808
33554432 1.27859
2 0.12288
4 0.16896
67108864 2.3968
8 0.140288
16 0.139264
32 0.149504
64 0.134144
128 0.136192
256 0.152576
512 0.111616
1024 0.11776
2048 0.113664
4096 0.130048
8192 0.186368
16384 0.337312
32768 0.193472
65536 0.304704
131072 0.16032
262144 0.139456
524288 0.15616
1048576 0.173536
2097152 0.234976
4194304 0.227648
8388608 0.443808
16777216 0.723264
33554432 1.28074
2 0.13824
4 0.1536
67108864 2.37744
8 0.157696
16 0.17408
32 0.147456
64 0.154624
128 0.156672
256 0.151552
512 0.157696
1024 0.366592
2048 0.254944
4096 0.191488
8192 0.397312
16384 0.329952
32768 0.327616
65536 0.160608
131072 0.140064
262144 0.143776
524288 0.069792
1048576 0.175968
2097152 0.240608
4194304 0.3168
8388608 0.458912
16777216 0.73952
33554432 1.28589
2 0.128
4 0.131072
67108864 2.38611
8 0.146432
16 0.126016
32 0.132096
64 0.125952
128 0.133056
256 0.156672
512 0.119808
1024 0.116736
2048 0.114688
4096 0.21504
8192 0.094208
16384 0.341536
32768 0.344032
65536 0.158688
131072 0.085344
262144 0.061024
524288 0.150592
1048576 0.183648
2097152 0.151616
4194304 0.313216
8388608 0.379776
16777216 0.634112
33554432 1.28339
2 0.118784
4 0.12288
67108864 2.38285
8 0.131072
16 0.1792
32 0.159744
64 0.13312
128 0.15568
256 0.14336
512 0.361472
1024 0.397312
2048 0.207872
4096 0.191488
8192 0.408576
16384 0.327104
32768 0.117856
65536 0.200992
131072 0.13632
262144 0.145216
524288 0.066304
1048576 0.170784
2097152 0.230496
4194304 0.303168
8388608 0.407104
16777216 0.730304
33554432 1.3039
2 0.136192
4 0.131072
67108864 2.36957
8 0.152576
16 0.154624
32 0.132096
64 0.171008
128 0.110592
256 0.16384
512 0.135168
1024 0.366592
2048 0.13312
4096 0.43008
8192 0.380896
16384 0.32768
32768 0.330528
65536 0.15952
131072 0.135552
262144 0.145952
524288 0.157952
1048576 0.09664
2097152 0.233792
4194304 0.21712
8388608 0.456096
16777216 0.66176
33554432 1.21334
2 0.123904
4 0.161792
67108864 2.42742
8 0.175104
16 0.131072
32 0.161792
64 0.156672
128 0.150528
256 0.1536
512 0.135168
1024 0.391168
2048 0.043008
4096 0.255968
8192 0.437248
16384 0.115136
32768 0.186176
65536 0.206976
131072 0.146176
262144 0.065088
524288 0.161792
1048576 0.180352
2097152 0.257056
4194304 0.31664
8388608 0.466432
16777216 0.633632
33554432 1.19325
2 0.132096
4 0.131072
67108864 2.36822
8 0.157696
16 0.13312
32 0.131072
64 0.152576
128 0.156672
256 0.13312
512 0.129024
1024 0.111616
2048 0.038912
4096 0.219136
8192 0.186368
16384 0.328512
32768 0.326336
65536 0.200736
131072 0.141344
262144 0.150432
524288 0.07104
1048576 0.181152
2097152 0.24288
4194304 0.315584
8388608 0.447296
16777216 0.663584
33554432 1.30214
2 0.136192
4 0.1024
67108864 2.36435
8 0.1536
16 0.140288
32 0.131072
64 0.167936
128 0.119808
256 0.135168
512 0.447488
1024 0.108544
2048 0.30304
4096 0.301056
8192 0.04608
16384 0.333984
32768 0.320992
65536 0.183776
131072 0.053792
262144 0.148512
524288 0.15344
1048576 0.102976
2097152 0.243072
4194304 0.31168
8388608 0.472672
16777216 0.749568
33554432 1.19504
2 0.141312
4 0.152576
67108864 2.37178
8 0.160768
16 0.126976
32 0.132096
64 0.130048
128 0.16384
256 0.131072
512 0.366592
1024 0.118784
2048 0.140288
4096 0.047104
8192 0.093184
16384 0.087936
32768 0.18864
65536 0.322432
131072 0.13792
262144 0.145248
524288 0.161184
1048576 0.103776
2097152 0.283392
4194304 0.324128
8388608 0.453184
16777216 0.744064
33554432 1.27955
2 0.13312
4 0.133088
67108864 2.38883
8 0.14848
16 0.129024
32 0.135168
64 0.155648
128 0.190496
256 0.137216
512 0.223264
1024 0.44032
2048 0.110592
4096 0.113664
8192 0.037888
16384 0.36224
32768 0.092864
65536 0.206592
131072 0.055168
262144 0.147072
524288 0.151392
1048576 0.172416
2097152 0.1384
4194304 0.221952
8388608 0.374624
16777216 0.717856
33554432 1.27936
2 0.14336
4 0.131072
67108864 2.36918
8 0.147456
16 0.164864
32 0.137216
64 0.157696
128 0.132096
256 0.126976
512 0.412672
1024 0.131072
2048 0.36864
4096 0.412672
8192 0.393216
16384 0.336448
32768 0.094016
65536 0.148992
131072 0.057152
262144 0.05936
524288 0.154784
1048576 0.183232
2097152 0.14704
4194304 0.223584
8388608 0.456704
16777216 0.7224
33554432 1.29677
2 0.134144
4 0.145408
67108864 2.37466
8 0.15872
16 0.156672
32 0.126976
64 0.154592
128 0.13824
256 0.131072
512 0.272384
1024 0.043008
2048 0.111616
4096 0.309248
8192 0.186368
16384 0.362784
32768 0.321056
65536 0.159648
131072 0.137376
262144 0.154144
524288 0.171136
1048576 0.104288
2097152 0.254624
4194304 0.320032
8388608 0.358176
16777216 0.647072
33554432 1.27667
2 0.139264
4 0.132096
67108864 2.3529
8 0.1536
16 0.157696
32 0.126976
64 0.1536
128 0.155648
256 0.154624
512 0.06144
1024 0.118752
2048 0.191488
4096 0.205824
8192 0.407552
16384 0.342784
32768 0.320416
65536 0.184992
131072 0.158816
262144 0.060096
524288 0.15472
1048576 0.213952
2097152 0.148032
4194304 0.226496
8388608 0.471936
16777216 0.6608
33554432 1.20934
2 0.114656
4 0.131072
67108864 2.41674
8 0.13312
16 0.134144
32 0.182272
64 0.156672
128 0.132096
256 0.128
512 0.41472
1024 0.150528
2048 0.295936
4096 0.186368
8192 0.094208
16384 0.149664
32768 0.327104
65536 0.202624
131072 0.1392
262144 0.146592
524288 0.150304
1048576 0.208096
2097152 0.226944
4194304 0.31536
8388608 0.448224
16777216 0.678432
33554432 1.27792
2 0.140288
4 0.134144
67108864 2.38179
8 0.154624
16 0.1536
32 0.130048
64 0.156672
128 0.132096
256 0.154624
512 0.045664
1024 0.054272
2048 0.136192
4096 0.304128
8192 0.186368
16384 0.337408
32768 0.09584
65536 0.305312
131072 0.137632
262144 0.14544
524288 0.157056
1048576 0.097184
2097152 0.223968
4194304 0.303616
8388608 0.375296
16777216 0.642592
33554432 1.19699
2 0.136192
4 0.145408
67108864 2.36842
8 0.135168
16 0.155648
32 0.167936
64 0.131072
128 0.16384
256 0.13824
512 0.146432
1024 0.377856
2048 0.134144
4096 0.448512
8192 0.053248
16384 0.196128
32768 0.206176
65536 0.192864
131072 0.28016
262144 0.1432
524288 0.161888
1048576 0.196544
2097152 0.218336
4194304 0.308544
8388608 0.442592
16777216 0.73872
33554432 1.2903
2 0.135168
4 0.142336
67108864 2.48547
8 0.160768
16 0.15872
32 0.13824
64 0.152576
128 0.158688
256 0.166912
512 0.297984
1024 0.219136
2048 0.11776
4096 0.15872
8192 0.050176
16384 0.34032
32768 0.17984
65536 0.184928
131072 0.142752
262144 0.180096
524288 0.16064
1048576 0.176064
2097152 0.265248
4194304 0.303648
8388608 0.460544
16777216 0.747744
33554432 1.28915
2 0.137216
4 0.114656
67108864 2.38259
8 0.131072
16 0.145408
32 0.126976
64 0.134144
128 0.156704
256 0.147456
512 0.119808
1024 0.152576
2048 0.183296
4096 0.049152
8192 0.095232
16384 0.338496
32768 0.32736
65536 0.174112
131072 0.051392
262144 0.059072
524288 0.157088
1048576 0.173472
2097152 0.151552
4194304 0.327232
8388608 0.450528
16777216 0.726272
33554432 1.19914
2 0.13312
4 0.149504
67108864 2.37366
8 0.132096
16 0.150528
32 0.136192
64 0.15872
128 0.134112
256 0.151616
512 0.146432
1024 0.12288
2048 0.13312
4096 0.115712
8192 0.04608
16384 0.330016
32768 0.080576
65536 0.160096
131072 0.145344
262144 0.059296
524288 0.158016
1048576 0.172064
2097152 0.139168
4194304 0.299872
8388608 0.456032
16777216 0.729408
33554432 1.28317
2 0.130048
4 0.130048
67108864 2.42902
8 0.15872
16 0.136192
32 0.1536
64 0.125952
128 0.177152
256 0.185344
512 0.297984
1024 0.125888
2048 0.182272
4096 0.137216
8192 0.048128
16384 0.40704
32768 0.178944
65536 0.16528
131072 0.146656
262144 0.151392
524288 0.161088
1048576 0.17536
2097152 0.237568
4194304 0.303904
8388608 0.44512
16777216 0.735936
33554432 1.27962
2 0.132128
4 0.162816
67108864 2.36205
8 0.13824
16 0.14848
32 0.134144
64 0.157664
128 0.163872
256 0.187392
512 0.285696
1024 0.449536
2048 0.11776
4096 0.214016
8192 0.406528
16384 0.329824
32768 0.182496
65536 0.172704
131072 0.056672
262144 0.142624
524288 0.152224
1048576 0.113152
2097152 0.168832
4194304 0.309472
8388608 0.383648
16777216 0.654432
33554432 1.2151
2 0.139264
4 0.135104
67108864 2.53843
8 0.159744
16 0.161792
32 0.123904
64 0.181248
128 0.167936
256 0.151552
512 0.119808
1024 0.11776
2048 0.185344
4096 0.203776
8192 0.186368
16384 0.127744
32768 0.332096
65536 0.303744
131072 0.13504
262144 0.057568
524288 0.157184
1048576 0.180416
2097152 0.2272
4194304 0.223264
8388608 0.448352
16777216 0.722112
33554432 1.21171
2 0.129024
4 0.146432
67108864 2.48682
8 0.155648
16 0.106496
32 0.160768
64 0.134144
128 0.155648
256 0.142336
512 0.113664
1024 0.411616
2048 0.310272
4096 0.191488
8192 0.187392
16384 0.212448
32768 0.328352
65536 0.197312
131072 0.045664
262144 0.1464
524288 0.150944
1048576 0.093568
2097152 0.250816
4194304 0.238016
8388608 0.46016
16777216 0.725984
33554432 1.29414
2 0.106496
4 0.145408
67108864 2.40256
8 0.128
16 0.160768
32 0.157696
64 0.142336
128 0.13312
256 0.128
512 0.115712
1024 0.123904
2048 0.13312
4096 0.443392
8192 0.258048
16384 0.1352
32768 0.326592
65536 0.17008
131072 0.139136
262144 0.134368
524288 0.151296
1048576 0.189696
2097152 0.233568
4194304 0.226048
8388608 0.448352
16777216 0.725184
33554432 1.28842
2 0.124928
4 0.121856
67108864 2.3847
8 0.156672
16 0.164864
32 0.155648
64 0.152576
128 0.128
256 0.164864
512 0.11264
1024 0.128
2048 0.288768
4096 0.205824
8192 0.398336
16384 0.332
32768 0.179936
65536 0.190688
131072 0.145536
262144 0.063616
524288 0.159008
1048576 0.094112
2097152 0.22288
4194304 0.220736
8388608 0.450016
16777216 0.744928
33554432 1.19533
2 0.161632
4 0.132928
8 0.16384
16 0.134144
32 0.149504
64 0.132096
128 0.149504
256 0.15872
512 0.123904
1024 0.151552
2048 0.166912
4096 0.149504
8192 0.115712
16384 0.112736
32768 0.09568
65536 0.08064
131072 0.05392
262144 0.049792
524288 0.07552
1048576 0.0808
2097152 0.182496
4194304 0.240832
8388608 0.391648
16777216 0.701664
33554432 1.24819
67108864 2.34006
2 0.156672
4 0.136192
8 0.160768
16 0.167936
32 0.146432
64 0.139264
128 0.154624
256 0.134144
512 0.147488
1024 0.167776
2048 0.16384
4096 0.114688
8192 0.103424
16384 0.11328
32768 0.1048
65536 0.106976
131072 0.054304
262144 0.053824
524288 0.060544
1048576 0.085312
2097152 0.153952
4194304 0.244608
8388608 0.411136
16777216 0.687776
33554432 1.24851
67108864 2.33533
2 0.183296
4 0.1536
8 0.152576
16 0.13312
32 0.154688
64 0.132096
128 0.155648
256 0.1536
512 0.108544
1024 0.123904
2048 0.139264
4096 0.126976
8192 0.145408
16384 0.116096
32768 0.10688
65536 0.08656
131072 0.055328
262144 0.052064
524288 0.065024
1048576 0.07952
2097152 0.20128
4194304 0.244448
8388608 0.390688
16777216 0.678144
33554432 1.22746
67108864 2.32022
2 0.13328
4 0.158592
8 0.15456
16 0.160768
32 0.135168
64 0.149536
128 0.166912
256 0.132096
512 0.15968
1024 0.15872
2048 0.110592
4096 0.129024
8192 0.124928
16384 0.123776
32768 0.110496
65536 0.075968
131072 0.048352
262144 0.061312
524288 0.07056
1048576 0.085792
2097152 0.157376
4194304 0.23776
8388608 0.37008
16777216 0.686272
33554432 1.2543
67108864 2.34192
2 0.162816
4 0.105376
8 0.14832
16 0.16384
32 0.159744
64 0.146432
128 0.154624
256 0.145408
512 0.149504
1024 0.140288
2048 0.132096
4096 0.11776
8192 0.109568
16384 0.106976
32768 0.10992
65536 0.090368
131072 0.055456
262144 0.061568
524288 0.078176
1048576 0.08768
2097152 0.149792
4194304 0.249376
8388608 0.391456
16777216 0.650816
33554432 1.23914
67108864 2.33181
2 0.150528
4 0.157696
8 0.162816
16 0.143232
32 0.157696
64 0.157696
128 0.1536
256 0.145408
512 0.176128
1024 0.155648
2048 0.1024
4096 0.13824
8192 0.132096
16384 0.129312
32768 0.104032
65536 0.084992
131072 0.051808
262144 0.060608
524288 0.068768
1048576 0.091296
2097152 0.145024
4194304 0.244736
8388608 0.400288
16777216 0.667072
33554432 1.23024
67108864 2.32483
2 0.133984
4 0.16384
8 0.136192
16 0.137216
32 0.155648
64 0.13312
128 0.165888
256 0.167936
512 0.135168
1024 0.164864
2048 0.109568
4096 0.140288
8192 0.164864
16384 0.106208
32768 0.100032
65536 0.086976
131072 0.06048
262144 0.061216
524288 0.071616
1048576 0.08784
2097152 0.15792
4194304 0.261024
8388608 0.375072
16777216 0.65392
33554432 1.2537
67108864 2.3432
2 0.120736
4 0.18416
8 0.176128
16 0.10768
32 0.161792
64 0.180224
128 0.169984
256 0.144384
512 0.151552
1024 0.135168
2048 0.111616
4096 0.13824
8192 0.152576
16384 0.108704
32768 0.105888
65536 0.102336
131072 0.050784
262144 0.061952
524288 0.0664
1048576 0.082016
2097152 0.180928
4194304 0.244032
8388608 0.436992
16777216 0.660256
33554432 1.26317
67108864 2.33987
2 0.154656
4 0.173056
8 0.1536
16 0.152576
32 0.190336
64 0.131072
128 0.15872
256 0.149504
512 0.147456
1024 0.137216
2048 0.110464
4096 0.131072
8192 0.120832
16384 0.104544
32768 0.094272
65536 0.126208
131072 0.051296
262144 0.054016
524288 0.06592
1048576 0.08208
2097152 0.146688
4194304 0.2344
8388608 0.396128
16777216 0.671392
33554432 1.22042
67108864 2.33482
2 0.1792
4 0.13312
8 0.1536
16 0.154624
32 0.131168
64 0.154624
128 0.146432
256 0.134144
512 0.134144
1024 0.128896
2048 0.127968
4096 0.136192
8192 0.132096
16384 0.104896
32768 0.099264
65536 0.075456
131072 0.051776
262144 0.066112
524288 0.056608
1048576 0.08768
2097152 0.193696
4194304 0.255872
8388608 0.397888
16777216 0.658496
33554432 1.26477
67108864 2.32829
2 0.118784
4 0.128
8 0.14336
16 0.134144
32 0.120832
64 0.14336
128 0.140288
256 0.130048
512 0.151456
1024 0.162816
2048 0.118784
4096 0.155648
8192 0.139392
16384 0.111264
32768 0.09344
65536 0.07744
131072 0.06464
262144 0.05856
524288 0.067488
1048576 0.084896
2097152 0.183424
4194304 0.277312
8388608 0.4032
16777216 0.657344
33554432 1.23613
67108864 2.3232
2 0.156672
4 0.120832
8 0.125952
16 0.11152
32 0.160768
64 0.157696
128 0.13312
256 0.130016
512 0.16384
1024 0.146432
2048 0.11264
4096 0.115712
8192 0.112768
16384 0.114048
32768 0.098112
65536 0.106976
131072 0.05056
262144 0.065536
524288 0.069184
1048576 0.08368
2097152 0.181376
4194304 0.226208
8388608 0.366656
16777216 0.64992
33554432 1.24134
67108864 2.31907
2 0.156672
4 0.1536
8 0.15872
16 0.160832
32 0.161792
64 0.114688
128 0.1536
256 0.152576
512 0.14848
1024 0.130048
2048 0.108544
4096 0.132096
8192 0.137216
16384 0.115264
32768 0.103584
65536 0.0736
131072 0.057344
262144 0.061376
524288 0.070208
1048576 0.087296
2097152 0.150272
4194304 0.22384
8388608 0.378112
16777216 0.659008
33554432 1.20874
67108864 2.31581
2 0.132096
4 0.18944
8 0.157696
16 0.152576
32 0.150528
64 0.136192
128 0.159744
256 0.155648
512 0.160768
1024 0.178176
2048 0.172032
4096 0.105472
8192 0.130048
16384 0.111232
32768 0.094304
65536 0.078976
131072 0.051392
262144 0.060128
524288 0.068224
1048576 0.08224
2097152 0.133056
4194304 0.221984
8388608 0.362528
16777216 0.658272
33554432 1.25696
67108864 2.31405
2 0.149504
4 0.169984
8 0.129024
16 0.131072
32 0.1536
64 0.155648
128 0.151552
256 0.169984
512 0.155648
1024 0.15872
2048 0.153664
4096 0.14848
8192 0.108544
16384 0.11792
32768 0.094112
65536 0.09104
131072 0.067904
262144 0.073472
524288 0.066176
1048576 0.087968
2097152 0.138784
4194304 0.223424
8388608 0.370208
16777216 0.660384
33554432 1.20621
67108864 2.31696
2 0.155648
4 0.161792
8 0.166912
16 0.15568
32 0.151552
64 0.1536
128 0.155648
256 0.131072
512 0.152576
1024 0.150528
2048 0.107552
4096 0.142336
8192 0.132096
16384 0.097088
32768 0.097408
65536 0.077184
131072 0.07216
262144 0.051488
524288 0.062944
1048576 0.088864
2097152 0.148864
4194304 0.257248
8388608 0.380288
16777216 0.660032
33554432 1.24957
67108864 2.34054
2 0.155648
4 0.156672
8 0.13824
16 0.14848
32 0.16688
64 0.134144
128 0.112576
256 0.10848
512 0.134976
1024 0.124832
2048 0.11056
4096 0.135168
8192 0.134144
16384 0.110368
32768 0.094528
65536 0.084064
131072 0.052192
262144 0.054784
524288 0.072736
1048576 0.08592
2097152 0.161888
4194304 0.234368
8388608 0.39392
16777216 0.66768
33554432 1.2473
67108864 2.35075
2 0.137216
4 0.155648
8 0.141312
16 0.146432
32 0.10752
64 0.154624
128 0.14848
256 0.15872
512 0.150528
1024 0.136192
2048 0.12288
4096 0.118784
8192 0.126976
16384 0.10656
32768 0.097344
65536 0.081536
131072 0.06016
262144 0.055968
524288 0.066624
1048576 0.093792
2097152 0.164192
4194304 0.237376
8388608 0.396352
16777216 0.687648
33554432 1.24771
67108864 2.3191
2 0.161792
4 0.162816
8 0.190464
16 0.144384
32 0.13312
64 0.130048
128 0.130048
256 0.164864
512 0.161792
1024 0.15872
2048 0.115712
4096 0.113664
8192 0.16384
16384 0.106464
32768 0.102048
65536 0.079488
131072 0.056544
262144 0.080992
524288 0.05472
1048576 0.088224
2097152 0.149728
4194304 0.255104
8388608 0.397504
16777216 0.666912
33554432 1.24243
67108864 2.35453
2 0.150528
4 0.13824
8 0.126976
16 0.164704
32 0.13824
64 0.159744
128 0.145344
256 0.131072
512 0.108384
1024 0.136192
2048 0.133056
4096 0.140288
8192 0.126848
16384 0.123264
32768 0.123328
65536 0.078624
131072 0.07408
262144 0.060768
524288 0.06736
1048576 0.083616
2097152 0.159872
4194304 0.238336
8388608 0.401568
16777216 0.667776
33554432 1.23424
67108864 2.34627
2 0.156672
4 0.136192
8 0.131072
16 0.188416
32 0.137216
64 0.12288
128 0.132096
256 0.189376
512 0.121856
1024 0.160768
2048 0.134144
4096 0.119808
8192 0.139264
16384 0.117088
32768 0.096928
65536 0.094496
131072 0.071968
262144 0.05792
524288 0.066112
1048576 0.080928
2097152 0.168096
4194304 0.25008
8388608 0.402528
16777216 0.669024
33554432 1.25546
67108864 2.33027
2 0.159744
4 0.156672
8 0.136192
16 0.176096
32 0.16384
64 0.17408
128 0.131072
256 0.111616
512 0.160768
1024 0.152576
2048 0.142336
4096 0.172032
8192 0.104448
16384 0.104448
32768 0.102272
65536 0.085792
131072 0.055744
262144 0.050656
524288 0.083456
1048576 0.088256
2097152 0.166496
4194304 0.238752
8388608 0.36928
16777216 0.669952
33554432 1.23318
67108864 2.32918
2 0.159744
4 0.109568
8 0.147456
16 0.108544
32 0.161792
64 0.132
128 0.124928
256 0.150528
512 0.14848
1024 0.162816
2048 0.106496
4096 0.110592
8192 0.130048
16384 0.102912
32768 0.101408
65536 0.07824
131072 0.053376
262144 0.07456
524288 0.06992
1048576 0.08192
2097152 0.190464
4194304 0.245696
8388608 0.380384
16777216 0.65088
33554432 1.25165
67108864 2.35037
2 0.129024
4 0.151552
8 0.13312
16 0.179136
32 0.132096
64 0.134144
128 0.156672
256 0.129024
512 0.128
1024 0.165888
2048 0.12784
4096 0.134144
8192 0.16384
16384 0.100672
32768 0.093376
65536 0.082272
131072 0.052608
262144 0.061824
524288 0.06832
1048576 0.086048
2097152 0.150496
4194304 0.23744
8388608 0.379968
16777216 0.670496
33554432 1.26813
67108864 2.32842
2 0.155648
4 0.155648
8 0.13824
16 0.127936
32 0.157696
64 0.160608
128 0.126976
256 0.149376
512 0.134144
1024 0.15872
2048 0.129024
4096 0.130048
8192 0.145408
16384 0.10672
32768 0.095936
65536 0.085248
131072 0.0544
262144 0.070464
524288 0.060384
1048576 0.083584
2097152 0.149248
4194304 0.271072
8388608 0.402336
16777216 0.651168
33554432 1.25926
67108864 2.32906
2 0.162816
4 0.121856
8 0.147456
16 0.108352
32 0.132096
64 0.1792
128 0.155648
256 0.132096
512 0.142336
1024 0.164928
2048 0.132096
4096 0.13312
8192 0.137216
16384 0.105408
32768 0.094464
65536 0.07856
131072 0.0544
262144 0.058336
524288 0.065856
1048576 0.090336
2097152 0.16976
4194304 0.2632
8388608 0.400672
16777216 0.66576
33554432 1.23661
67108864 2.34147
2 0.131072
4 0.130912
8 0.157696
16 0.164864
32 0.1536
64 0.155648
128 0.151552
256 0.154624
512 0.165888
1024 0.167936
2048 0.143392
4096 0.103424
8192 0.1064
16384 0.114656
32768 0.129376
65536 0.075808
131072 0.054624
262144 0.060416
524288 0.06624
1048576 0.093792
2097152 0.153984
4194304 0.235808
8388608 0.40464
16777216 0.656672
33554432 1.26278
67108864 2.33568
2 0.105472
4 0.157632
8 0.121856
16 0.171008
32 0.15872
64 0.13312
128 0.153472
256 0.150528
512 0.106496
1024 0.134144
2048 0.13312
4096 0.142368
8192 0.129024
16384 0.12688
32768 0.096192
65536 0.074048
131072 0.055936
262144 0.059776
524288 0.061184
1048576 0.077184
2097152 0.156704
4194304 0.223904
8388608 0.389504
16777216 0.66288
33554432 1.20822
67108864 2.3201
2 0.134144
4 0.16176
8 0.15872
16 0.151552
32 0.178176
64 0.1536
128 0.111488
256 0.150656
512 0.131072
1024 0.191488
2048 0.13824
4096 0.139232
8192 0.106496
16384 0.104096
32768 0.100864
65536 0.071232
131072 0.049856
262144 0.060032
524288 0.072704
1048576 0.088192
2097152 0.133856
4194304 0.238176
8388608 0.36672
16777216 0.6392
33554432 1.19728
67108864 2.32429
2 0.171008
4 0.136192
8 0.152576
16 0.15872
32 0.157664
64 0.125952
128 0.150528
256 0.11264
512 0.15872
1024 0.110592
2048 0.13216
4096 0.119808
8192 0.121856
16384 0.137696
32768 0.1024
65536 0.07664
131072 0.049792
262144 0.050752
524288 0.065952
1048576 0.087808
2097152 0.167392
4194304 0.219936
8388608 0.391328
16777216 0.65712
33554432 1.19904
67108864 2.31242
2 0.139264
4 0.152576
8 0.141312
16 0.188416
32 0.154624
64 0.151552
128 0.169984
256 0.132096
512 0.15872
1024 0.160768
2048 0.137216
4096 0.14848
8192 0.107424
16384 0.104224
32768 0.097056
65536 0.074816
131072 0.071872
262144 0.057984
524288 0.066784
1048576 0.093024
2097152 0.141216
4194304 0.246912
8388608 0.377984
16777216 0.66512
33554432 1.21299
67108864 2.31181
2 0.156672
4 0.161792
8 0.105472
16 0.13312
32 0.152576
64 0.151552
128 0.13312
256 0.133088
512 0.152576
1024 0.134144
2048 0.13312
4096 0.128
8192 0.108544
16384 0.110144
32768 0.095584
65536 0.08768
131072 0.05472
262144 0.04976
524288 0.063104
1048576 0.086528
2097152 0.179776
4194304 0.239744
8388608 0.383584
16777216 0.669728
33554432 1.21555
67108864 2.33034
2 0.132096
4 0.129024
8 0.125952
16 0.146528
32 0.139264
64 0.128
128 0.131264
256 0.135168
512 0.157696
1024 0.13824
2048 0.13824
4096 0.129024
8192 0.108544
16384 0.132512
32768 0.095616
65536 0.081728
131072 0.061632
262144 0.062944
524288 0.07344
1048576 0.0928
2097152 0.169056
4194304 0.260544
8388608 0.414528
16777216 0.65408
33554432 1.25162
67108864 2.32877
2 0.154624
4 0.18944
8 0.156672
16 0.115712
32 0.129024
64 0.151552
128 0.158816
256 0.1536
512 0.1608
1024 0.165888
2048 0.10752
4096 0.155744
8192 0.15872
16384 0.105856
32768 0.099008
65536 0.084704
131072 0.04928
262144 0.053728
524288 0.06384
1048576 0.089056
2097152 0.15392
4194304 0.249056
8388608 0.39168
16777216 0.664928
33554432 1.28518
67108864 2.36301
2 0.17408
4 0.183296
8 0.152576
16 0.15968
32 0.1536
64 0.13312
128 0.14848
256 0.152608
512 0.150528
1024 0.154624
2048 0.126976
4096 0.124992
8192 0.125952
16384 0.113056
32768 0.10384
65536 0.110944
131072 0.053728
262144 0.058912
524288 0.061088
1048576 0.088096
2097152 0.173568
4194304 0.243552
8388608 0.390016
16777216 0.650272
33554432 1.26096
67108864 2.32314
2 0.155648
4 0.160736
8 0.150528
16 0.130976
32 0.145408
64 0.1536
128 0.156672
256 0.131104
512 0.131072
1024 0.136192
2048 0.125952
4096 0.155648
8192 0.106496
16384 0.110592
32768 0.096608
65536 0.08064
131072 0.054944
262144 0.073152
524288 0.068128
1048576 0.086944
2097152 0.157472
4194304 0.247648
8388608 0.381792
16777216 0.653568
33554432 1.2328
67108864 2.33846
2 0.15872
4 0.183456
8 0.126976
16 0.150528
32 0.157696
64 0.17408
128 0.1024
256 0.176128
512 0.134144
1024 0.165888
2048 0.109504
4096 0.158656
8192 0.123904
16384 0.105696
32768 0.105696
65536 0.08592
131072 0.063424
262144 0.055296
524288 0.062144
1048576 0.085504
2097152 0.136704
4194304 0.227328
8388608 0.382144
16777216 0.673536
33554432 1.23869
67108864 2.31696
2 0.126752
4 0.129024
8 0.126976
16 0.139264
32 0.1536
64 0.130048
128 0.134144
256 0.155648
512 0.14128
1024 0.154624
2048 0.119744
4096 0.136192
8192 0.114656
16384 0.117344
32768 0.099904
65536 0.080512
131072 0.069632
262144 0.053312
524288 0.072192
1048576 0.085216
2097152 0.138688
4194304 0.225344
8388608 0.40256
16777216 0.65504
33554432 1.23507
67108864 2.31747
2 0.130048
4 0.136192
8 0.154624
16 0.157568
32 0.159744
64 0.123904
128 0.128
256 0.15568
512 0.160768
1024 0.16384
2048 0.111616
4096 0.111616
8192 0.100352
16384 0.101216
32768 0.098432
65536 0.075264
131072 0.05808
262144 0.058592
524288 0.070144
1048576 0.090368
2097152 0.148864
4194304 0.29984
8388608 0.365984
16777216 0.65488
33554432 1.20662
67108864 2.32486
2 0.123904
4 0.153664
8 0.145408
16 0.160768
32 0.129024
64 0.129024
128 0.14848
256 0.162816
512 0.15872
1024 0.154464
2048 0.126976
4096 0.113664
8192 0.11264
16384 0.131776
32768 0.104864
65536 0.084704
131072 0.058688
262144 0.058816
524288 0.066752
1048576 0.08896
2097152 0.143904
4194304 0.236032
8388608 0.377952
16777216 0.655328
33554432 1.22826
67108864 2.3457
2 0.16272
4 0.159744
8 0.16384
16 0.151552
32 0.126976
64 0.152608
128 0.139264
256 0.128
512 0.139264
1024 0.156672
2048 0.152576
4096 0.11264
8192 0.115584
16384 0.115904
32768 0.09648
65536 0.088064
131072 0.050272
262144 0.056672
524288 0.067072
1048576 0.089216
2097152 0.186432
4194304 0.271296
8388608 0.393344
16777216 0.652032
33554432 1.25786
67108864 2.31677
2 0.146432
4 0.177152
8 0.144384
16 0.130048
32 0.14336
64 0.154624
128 0.131072
256 0.141312
512 0.186368
1024 0.113664
2048 0.136128
4096 0.111616
8192 0.12288
16384 0.102208
32768 0.093312
65536 0.083168
131072 0.060096
262144 0.056064
524288 0.072448
1048576 0.078944
2097152 0.142208
4194304 0.220832
8388608 0.410816
16777216 0.67168
33554432 1.2263
67108864 2.33926
2 0.130048
4 0.134144
8 0.130048
16 0.130976
32 0.149504
64 0.155648
128 0.145408
256 0.128
512 0.160672
1024 0.164864
2048 0.106496
4096 0.108544
8192 0.10752
16384 0.130528
32768 0.112928
65536 0.11504
131072 0.054112
262144 0.061536
524288 0.06416
1048576 0.084768
2097152 0.156576
4194304 0.244032
8388608 0.384992
16777216 0.64656
33554432 1.2256
67108864 2.31408
2 0.152576
4 0.10752
8 0.155648
16 0.136192
32 0.15872
64 0.15968
128 0.152576
256 0.124928
512 0.145408
1024 0.15872
2048 0.137216
4096 0.113664
8192 0.117632
16384 0.114304
32768 0.09792
65536 0.112896
131072 0.050464
262144 0.063456
524288 0.08256
1048576 0.091168
2097152 0.145728
4194304 0.237472
8388608 0.4008
16777216 0.649632
33554432 1.21696
67108864 2.3423
2 0.121856
4 0.135168
8 0.126976
16 0.155648
32 0.161696
64 0.13824
128 0.137184
256 0.162816
512 0.172032
1024 0.196608
2048 0.11056
4096 0.110592
8192 0.119808
16384 0.106272
32768 0.122272
65536 0.117248
131072 0.055648
262144 0.061216
524288 0.069696
1048576 0.095328
2097152 0.153504
4194304 0.263616
8388608 0.40112
16777216 0.670048
33554432 1.24614
67108864 2.34278
2 0.175104
4 0.164704
8 0.155648
16 0.151552
32 0.13312
64 0.165888
128 0.156672
256 0.180224
512 0.131072
1024 0.18944
2048 0.142336
4096 0.122816
8192 0.13312
16384 0.128736
32768 0.109856
65536 0.112416
131072 0.053056
262144 0.061184
524288 0.057088
1048576 0.084416
2097152 0.133472
4194304 0.275552
8388608 0.397856
16777216 0.661248
33554432 1.23558
67108864 2.34435
2 0.16384
4 0.136192
8 0.131072
16 0.12288
32 0.137216
64 0.152576
128 0.15552
256 0.162816
512 0.159744
1024 0.159744
2048 0.11264
4096 0.103424
8192 0.125952
16384 0.112576
32768 0.131776
65536 0.080256
131072 0.062144
262144 0.05824
524288 0.117792
1048576 0.090752
2097152 0.14336
4194304 0.268864
8388608 0.387392
16777216 0.66576
33554432 1.24819
67108864 2.32819
2 0.130048
4 0.152512
8 0.131008
16 0.157696
32 0.132096
64 0.140256
128 0.133312
256 0.146432
512 0.123904
1024 0.13312
2048 0.120832
4096 0.116736
8192 0.106496
16384 0.136128
32768 0.096672
65536 0.074784
131072 0.04896
262144 0.050688
524288 0.075136
1048576 0.094656
2097152 0.160384
4194304 0.301344
8388608 0.392512
16777216 0.690176
33554432 1.27472
67108864 2.32806
2 0.150528
4 0.15872
8 0.137152
16 0.150528
32 0.113664
64 0.132096
128 0.156672
256 0.155648
512 0.15872
1024 0.146432
2048 0.137216
4096 0.10752
8192 0.109408
16384 0.103872
32768 0.094048
65536 0.079424
131072 0.080128
262144 0.065824
524288 0.067712
1048576 0.08544
2097152 0.1584
4194304 0.24336
8388608 0.368192
16777216 0.6544
33554432 1.228
67108864 2.33382
2 0.139232
4 0.1608
8 0.154528
16 0.145408
32 0.111616
64 0.123904
128 0.132992
256 0.135168
512 0.135168
1024 0.175104
2048 0.135168
4096 0.134144
8192 0.115584
16384 0.108576
32768 0.095456
65536 0.084192
131072 0.045152
262144 0.060512
524288 0.075744
1048576 0.087072
2097152 0.158592
4194304 0.2528
8388608 0.38144
16777216 0.675936
33554432 1.24774
67108864 2.3136
